0	 0	 0	 z	 0.000000
1	 0	 1	 n	 1.008664
2	 0	 2	 n2	 2.017329
3	 0	 3	 n3	 3.025994
0	 1	 1	 H	 1.007825
1	 1	 2	 H	 2.014101
2	 1	 3	 H	 3.016049
1	 2	 3	 He	 3.016029
0	 3	 3	 Li	 3.030775
3	 1	 4	 H	 4.026431
2	 2	 4	 He	 4.002603
1	 3	 4	 Li	 4.027185
4	 1	 5	 H	 5.035311
3	 2	 5	 He	 5.012057
2	 3	 5	 Li	 5.012537
1	 4	 5	 Be	 5.039870
5	 1	 6	 H	 6.044955
4	 2	 6	 He	 6.018885
3	 3	 6	 Li	 6.015122
2	 4	 6	 Be	 6.019726
1	 5	 6	 B	 6.050800
6	 1	 7	 H	 7.052749
5	 2	 7	 He	 7.027990
4	 3	 7	 Li	 7.016003
3	 4	 7	 Be	 7.016928
2	 5	 7	 B	 7.029712
6	 2	 8	 He	 8.033934
5	 3	 8	 Li	 8.022486
4	 4	 8	 Be	 8.005305
3	 5	 8	 B	 8.024607
2	 6	 8	 C	 8.037643
7	 2	 9	 He	 9.043946
6	 3	 9	 Li	 9.026790
5	 4	 9	 Be	 9.012183
4	 5	 9	 B	 9.013329
3	 6	 9	 C	 9.031037
8	 2	 10	 He	 10.052815
7	 3	 10	 Li	 10.035483
6	 4	 10	 Be	 10.013534
5	 5	 10	 B	 10.012936
4	 6	 10	 C	 10.016853
3	 7	 10	 N	 10.041653
8	 3	 11	 Li	 11.043723
7	 4	 11	 Be	 11.021661
6	 5	 11	 B	 11.009305
5	 6	 11	 C	 11.011432
4	 7	 11	 N	 11.026090
9	 3	 12	 Li	 12.052613
8	 4	 12	 Be	 12.026922
7	 5	 12	 B	 12.014352
6	 6	 12	 C	 12.000000
5	 7	 12	 N	 12.018613
4	 8	 12	 O	 12.034261
10	 3	 13	 Li	 13.061171
9	 4	 13	 Be	 13.036134
8	 5	 13	 B	 13.017779
7	 6	 13	 C	 13.003354
6	 7	 13	 N	 13.005738
5	 8	 13	 O	 13.024815
10	 4	 14	 Be	 14.042892
9	 5	 14	 B	 14.025404
8	 6	 14	 C	 14.003241
7	 7	 14	 N	 14.003074
6	 8	 14	 O	 14.008596
5	 9	 14	 F	 14.034315
11	 4	 15	 Be	 15.053490
10	 5	 15	 B	 15.031087
9	 6	 15	 C	 15.010599
8	 7	 15	 N	 15.000108
7	 8	 15	 O	 15.003065
6	 9	 15	 F	 15.017785
5	 10	 15	 Ne	 15.043172
12	 4	 16	 Be	 16.061672
11	 5	 16	 B	 16.039841
10	 6	 16	 C	 16.014701
9	 7	 16	 N	 16.006101
8	 8	 16	 O	 15.994914
7	 9	 16	 F	 16.011465
6	 10	 16	 Ne	 16.025750
12	 5	 17	 B	 17.046931
11	 6	 17	 C	 17.022578
10	 7	 17	 N	 17.008448
9	 8	 17	 O	 16.999131
8	 9	 17	 F	 17.002095
7	 10	 17	 Ne	 17.017713
6	 11	 17	 Na	 17.037760
13	 5	 18	 B	 18.055601
12	 6	 18	 C	 18.026751
11	 7	 18	 N	 18.014077
10	 8	 18	 O	 17.999159
9	 9	 18	 F	 18.000937
8	 10	 18	 Ne	 18.005708
7	 11	 18	 Na	 18.026879
14	 5	 19	 B	 19.064166
13	 6	 19	 C	 19.034797
12	 7	 19	 N	 19.017022
11	 8	 19	 O	 19.003577
10	 9	 19	 F	 18.998403
9	 10	 19	 Ne	 19.001880
8	 11	 19	 Na	 19.013880
7	 12	 19	 Mg	 19.034169
15	 5	 20	 B	 20.073484
14	 6	 20	 C	 20.040261
13	 7	 20	 N	 20.023367
12	 8	 20	 O	 20.004075
11	 9	 20	 F	 19.999981
10	 10	 20	 Ne	 19.992440
9	 11	 20	 Na	 20.007354
8	 12	 20	 Mg	 20.018763
16	 5	 21	 B	 21.083017
15	 6	 21	 C	 21.049000
14	 7	 21	 N	 21.027087
13	 8	 21	 O	 21.008654
12	 9	 21	 F	 20.999948
11	 10	 21	 Ne	 20.993846
10	 11	 21	 Na	 20.997654
9	 12	 21	 Mg	 21.011705
8	 13	 21	 Al	 21.028975
16	 6	 22	 C	 22.057553
15	 7	 22	 N	 22.034100
14	 8	 22	 O	 22.009965
13	 9	 22	 F	 22.002998
12	 10	 22	 Ne	 21.991385
11	 11	 22	 Na	 21.994437
10	 12	 22	 Mg	 21.999570
9	 13	 22	 Al	 22.019540
8	 14	 22	 Si	 22.035790
17	 6	 23	 C	 23.068890
16	 7	 23	 N	 23.039421
15	 8	 23	 O	 23.015696
14	 9	 23	 F	 23.003526
13	 10	 23	 Ne	 22.994466
12	 11	 23	 Na	 22.989769
11	 12	 23	 Mg	 22.994123
10	 13	 23	 Al	 23.007244
9	 14	 23	 Si	 23.025440
17	 7	 24	 N	 24.050390
16	 8	 24	 O	 24.019861
15	 9	 24	 F	 24.008099
14	 10	 24	 Ne	 23.993610
13	 11	 24	 Na	 23.990963
12	 12	 24	 Mg	 23.985041
11	 13	 24	 Al	 23.999947
10	 14	 24	 Si	 24.011535
9	 15	 24	 P	 24.035770
18	 7	 25	 N	 25.060100
17	 8	 25	 O	 25.029338
16	 9	 25	 F	 25.012167
15	 10	 25	 Ne	 24.997814
14	 11	 25	 Na	 24.989953
13	 12	 25	 Mg	 24.985836
12	 13	 25	 Al	 24.990428
11	 14	 25	 Si	 25.004108
10	 15	 25	 P	 25.021190
18	 8	 26	 O	 26.037210
17	 9	 26	 F	 26.020020
16	 10	 26	 Ne	 26.000516
15	 11	 26	 Na	 25.992634
14	 12	 26	 Mg	 25.982592
13	 13	 26	 Al	 25.986891
12	 14	 26	 Si	 25.992333
11	 15	 26	 P	 26.011780
10	 16	 26	 S	 26.029070
19	 8	 27	 O	 27.047955
18	 9	 27	 F	 27.027322
17	 10	 27	 Ne	 27.007569
16	 11	 27	 Na	 26.994076
15	 12	 27	 Mg	 26.984340
14	 13	 27	 Al	 26.981538
13	 14	 27	 Si	 26.986704
12	 15	 27	 P	 26.999224
11	 16	 27	 S	 27.018280
20	 8	 28	 O	 28.055910
19	 9	 28	 F	 28.036223
18	 10	 28	 Ne	 28.012130
17	 11	 28	 Na	 27.998939
16	 12	 28	 Mg	 27.983876
15	 13	 28	 Al	 27.981910
14	 14	 28	 Si	 27.976926
13	 15	 28	 P	 27.992326
12	 16	 28	 S	 28.004372
11	 17	 28	 Cl	 28.029540
20	 9	 29	 F	 29.043103
19	 10	 29	 Ne	 29.019753
18	 11	 29	 Na	 29.002877
17	 12	 29	 Mg	 28.988617
16	 13	 29	 Al	 28.980453
15	 14	 29	 Si	 28.976494
14	 15	 29	 P	 28.981800
13	 16	 29	 S	 28.996611
12	 17	 29	 Cl	 29.014130
21	 9	 30	 F	 30.051650
20	 10	 30	 Ne	 30.024992
19	 11	 30	 Na	 30.009097
18	 12	 30	 Mg	 29.990462
17	 13	 30	 Al	 29.982968
16	 14	 30	 Si	 29.973770
15	 15	 30	 P	 29.978313
14	 16	 30	 S	 29.984906
13	 17	 30	 Cl	 30.004770
12	 18	 30	 Ar	 30.022470
22	 9	 31	 F	 31.060272
21	 10	 31	 Ne	 31.033474
20	 11	 31	 Na	 31.013146
19	 12	 31	 Mg	 30.996648
18	 13	 31	 Al	 30.983949
17	 14	 31	 Si	 30.975363
16	 15	 31	 P	 30.973761
15	 16	 31	 S	 30.979557
14	 17	 31	 Cl	 30.992448
13	 18	 31	 Ar	 31.012158
22	 10	 32	 Ne	 32.039720
21	 11	 32	 Na	 32.020011
20	 12	 32	 Mg	 31.999110
19	 13	 32	 Al	 31.988084
18	 14	 32	 Si	 31.974151
17	 15	 32	 P	 31.973907
16	 16	 32	 S	 31.972071
15	 17	 32	 Cl	 31.985684
14	 18	 32	 Ar	 31.997637
13	 19	 32	 K	 32.022650
23	 10	 33	 Ne	 33.049380
22	 11	 33	 Na	 33.025529
21	 12	 33	 Mg	 33.005327
20	 13	 33	 Al	 32.990877
19	 14	 33	 Si	 32.977976
18	 15	 33	 P	 32.971725
17	 16	 33	 S	 32.971458
16	 17	 33	 Cl	 32.977451
15	 18	 33	 Ar	 32.989925
14	 19	 33	 K	 33.007560
24	 10	 34	 Ne	 34.056728
23	 11	 34	 Na	 34.034010
22	 12	 34	 Mg	 34.008935
21	 13	 34	 Al	 33.996779
20	 14	 34	 Si	 33.978575
19	 15	 34	 P	 33.973645
18	 16	 34	 S	 33.967867
17	 17	 34	 Cl	 33.973762
16	 18	 34	 Ar	 33.980270
15	 19	 34	 K	 33.998690
14	 20	 34	 Ca	 34.014870
24	 11	 35	 Na	 35.041043
23	 12	 35	 Mg	 35.016790
22	 13	 35	 Al	 34.999759
21	 14	 35	 Si	 34.984550
20	 15	 35	 P	 34.973314
19	 16	 35	 S	 34.969032
18	 17	 35	 Cl	 34.968852
17	 18	 35	 Ar	 34.975257
16	 19	 35	 K	 34.988005
15	 20	 35	 Ca	 35.005140
25	 11	 36	 Na	 36.049708
24	 12	 36	 Mg	 36.021879
23	 13	 36	 Al	 36.006388
22	 14	 36	 Si	 35.986649
21	 15	 36	 P	 35.978259
20	 16	 36	 S	 35.967080
19	 17	 36	 Cl	 35.968306
18	 18	 36	 Ar	 35.967545
17	 19	 36	 K	 35.981302
16	 20	 36	 Ca	 35.993074
15	 21	 36	 Sc	 36.016480
26	 11	 37	 Na	 37.057471
25	 12	 37	 Mg	 37.030286
24	 13	 37	 Al	 37.010531
23	 14	 37	 Si	 36.992945
22	 15	 37	 P	 36.979606
21	 16	 37	 S	 36.971125
20	 17	 37	 Cl	 36.965902
19	 18	 37	 Ar	 36.966776
18	 19	 37	 K	 36.973375
17	 20	 37	 Ca	 36.985897
16	 21	 37	 Sc	 37.003779
26	 12	 38	 Mg	 38.036580
25	 13	 38	 Al	 38.017402
24	 14	 38	 Si	 37.995523
23	 15	 38	 P	 37.984303
22	 16	 38	 S	 37.971163
21	 17	 38	 Cl	 37.968010
20	 18	 38	 Ar	 37.962732
19	 19	 38	 K	 37.969081
18	 20	 38	 Ca	 37.976319
17	 21	 38	 Sc	 37.995438
16	 22	 38	 Ti	 38.011669
27	 12	 39	 Mg	 39.045384
26	 13	 39	 Al	 39.022169
25	 14	 39	 Si	 39.002491
24	 15	 39	 P	 38.986285
23	 16	 39	 S	 38.975133
22	 17	 39	 Cl	 38.968008
21	 18	 39	 Ar	 38.964313
20	 19	 39	 K	 38.963706
19	 20	 39	 Ca	 38.970710
18	 21	 39	 Sc	 38.984784
17	 22	 39	 Ti	 39.002362
28	 12	 40	 Mg	 40.051906
27	 13	 40	 Al	 40.029619
26	 14	 40	 Si	 40.005829
25	 15	 40	 P	 39.991288
24	 16	 40	 S	 39.975482
23	 17	 40	 Cl	 39.970415
22	 18	 40	 Ar	 39.962383
21	 19	 40	 K	 39.963998
20	 20	 40	 Ca	 39.962590
19	 21	 40	 Sc	 39.977967
18	 22	 40	 Ti	 39.990498
17	 23	 40	 V	 40.013065
28	 13	 41	 Al	 41.035878
27	 14	 41	 Si	 41.013011
26	 15	 41	 P	 40.994654
25	 16	 41	 S	 40.979593
24	 17	 41	 Cl	 40.970684
23	 18	 41	 Ar	 40.964500
22	 19	 41	 K	 40.961825
21	 20	 41	 Ca	 40.962277
20	 21	 41	 Sc	 40.969251
19	 22	 41	 Ti	 40.983148
18	 23	 41	 V	 41.000344
29	 13	 42	 Al	 42.043049
28	 14	 42	 Si	 42.017681
27	 15	 42	 P	 42.001084
26	 16	 42	 S	 41.981065
25	 17	 42	 Cl	 41.973342
24	 18	 42	 Ar	 41.963045
23	 19	 42	 K	 41.962402
22	 20	 42	 Ca	 41.958617
21	 21	 42	 Sc	 41.965516
20	 22	 42	 Ti	 41.973049
19	 23	 42	 V	 41.991820
18	 24	 42	 Cr	 42.007225
30	 13	 43	 Al	 43.050478
29	 14	 43	 Si	 43.024800
28	 15	 43	 P	 43.005024
27	 16	 43	 S	 42.986907
26	 17	 43	 Cl	 42.974063
25	 18	 43	 Ar	 42.965636
24	 19	 43	 K	 42.960734
23	 20	 43	 Ca	 42.958766
22	 21	 43	 Sc	 42.961150
21	 22	 43	 Ti	 42.968522
20	 23	 43	 V	 42.980766
19	 24	 43	 Cr	 42.997885
30	 14	 44	 Si	 44.030610
29	 15	 44	 P	 44.011219
28	 16	 44	 S	 43.990118
27	 17	 44	 Cl	 43.978116
26	 18	 44	 Ar	 43.964923
25	 19	 44	 K	 43.961586
24	 20	 44	 Ca	 43.955481
23	 21	 44	 Sc	 43.959402
22	 22	 44	 Ti	 43.959689
21	 23	 44	 V	 43.974110
20	 24	 44	 Cr	 43.985657
19	 25	 44	 Mn	 44.007547
31	 14	 45	 Si	 45.040247
30	 15	 45	 P	 45.016747
29	 16	 45	 S	 44.995717
28	 17	 45	 Cl	 44.980394
27	 18	 45	 Ar	 44.968039
26	 19	 45	 K	 44.960691
25	 20	 45	 Ca	 44.956186
24	 21	 45	 Sc	 44.955907
23	 22	 45	 Ti	 44.958121
22	 23	 45	 V	 44.965768
21	 24	 45	 Cr	 44.979050
20	 25	 45	 Mn	 44.994364
19	 26	 45	 Fe	 45.014774
31	 15	 46	 P	 46.024659
30	 16	 46	 S	 46.000365
29	 17	 46	 Cl	 45.985121
28	 18	 46	 Ar	 45.968037
27	 19	 46	 K	 45.961981
26	 20	 46	 Ca	 45.953687
25	 21	 46	 Sc	 45.955167
24	 22	 46	 Ti	 45.952626
23	 23	 46	 V	 45.960197
22	 24	 46	 Cr	 45.968360
21	 25	 46	 Mn	 45.986506
20	 26	 46	 Fe	 46.000977
32	 15	 47	 P	 47.031895
31	 16	 47	 S	 47.007912
30	 17	 47	 Cl	 46.989501
29	 18	 47	 Ar	 46.972768
28	 19	 47	 K	 46.961661
27	 20	 47	 Ca	 46.954541
26	 21	 47	 Sc	 46.952402
25	 22	 47	 Ti	 46.951757
24	 23	 47	 V	 46.954904
23	 24	 47	 Cr	 46.962895
22	 25	 47	 Mn	 46.975774
21	 26	 47	 Fe	 46.992625
20	 27	 47	 Co	 47.011133
32	 16	 48	 S	 48.013700
31	 17	 48	 Cl	 47.995405
30	 18	 48	 Ar	 47.976080
29	 19	 48	 K	 47.965341
28	 20	 48	 Ca	 47.952522
27	 21	 48	 Sc	 47.952223
26	 22	 48	 Ti	 47.947940
25	 23	 48	 V	 47.952251
24	 24	 48	 Cr	 47.954028
23	 25	 48	 Mn	 47.968549
22	 26	 48	 Fe	 47.980676
21	 27	 48	 Co	 48.001610
20	 28	 48	 Ni	 48.018028
33	 16	 49	 S	 49.022644
32	 17	 49	 Cl	 49.001009
31	 18	 49	 Ar	 48.981546
30	 19	 49	 K	 48.968210
29	 20	 49	 Ca	 48.955662
28	 21	 49	 Sc	 48.950014
27	 22	 49	 Ti	 48.947864
26	 23	 49	 V	 48.948510
25	 24	 49	 Cr	 48.951332
24	 25	 49	 Mn	 48.959612
23	 26	 49	 Fe	 48.973429
22	 27	 49	 Co	 48.989393
21	 28	 49	 Ni	 49.008803
33	 17	 50	 Cl	 50.008309
32	 18	 50	 Ar	 49.985690
31	 19	 50	 K	 49.972380
30	 20	 50	 Ca	 49.957499
29	 21	 50	 Sc	 49.952176
28	 22	 50	 Ti	 49.944785
27	 23	 50	 V	 49.947155
26	 24	 50	 Cr	 49.946041
25	 25	 50	 Mn	 49.954237
24	 26	 50	 Fe	 49.962988
23	 27	 50	 Co	 49.981073
22	 28	 50	 Ni	 49.995577
34	 17	 51	 Cl	 51.015341
33	 18	 51	 Ar	 50.992818
32	 19	 51	 K	 50.975827
31	 20	 51	 Ca	 50.960995
30	 21	 51	 Sc	 50.953592
29	 22	 51	 Ti	 50.946609
28	 23	 51	 V	 50.943956
27	 24	 51	 Cr	 50.944764
26	 25	 51	 Mn	 50.948208
25	 26	 51	 Fe	 50.956840
24	 27	 51	 Co	 50.970647
23	 28	 51	 Ni	 50.987225
34	 18	 52	 Ar	 51.998626
33	 19	 52	 K	 51.981602
32	 20	 52	 Ca	 51.963213
31	 21	 52	 Sc	 51.956582
30	 22	 52	 Ti	 51.946891
29	 23	 52	 V	 51.944772
28	 24	 52	 Cr	 51.940504
27	 25	 52	 Mn	 51.945563
26	 26	 52	 Fe	 51.948115
25	 27	 52	 Co	 51.963112
24	 28	 52	 Ni	 51.976028
23	 29	 52	 Cu	 51.997552
35	 18	 53	 Ar	 53.007290
34	 19	 53	 K	 52.986800
33	 20	 53	 Ca	 52.968451
32	 21	 53	 Sc	 52.958231
31	 22	 53	 Ti	 52.949724
30	 23	 53	 V	 52.944335
29	 24	 53	 Cr	 52.940646
28	 25	 53	 Mn	 52.941287
27	 26	 53	 Fe	 52.945305
26	 27	 53	 Co	 52.954203
25	 28	 53	 Ni	 52.968190
24	 29	 53	 Cu	 52.985754
35	 19	 54	 K	 53.994630
34	 20	 54	 Ca	 53.972989
33	 21	 54	 Sc	 53.963616
32	 22	 54	 Ti	 53.951022
31	 23	 54	 V	 53.946437
30	 24	 54	 Cr	 53.938878
29	 25	 54	 Mn	 53.940356
28	 26	 54	 Fe	 53.939608
27	 27	 54	 Co	 53.948459
26	 28	 54	 Ni	 53.957833
25	 29	 54	 Cu	 53.977015
24	 30	 54	 Zn	 53.993267
36	 19	 55	 K	 55.000760
35	 20	 55	 Ca	 54.980300
34	 21	 55	 Sc	 54.967622
33	 22	 55	 Ti	 54.955267
32	 23	 55	 V	 54.947241
31	 24	 55	 Cr	 54.940837
30	 25	 55	 Mn	 54.938043
29	 26	 55	 Fe	 54.938291
28	 27	 55	 Co	 54.941996
27	 28	 55	 Ni	 54.951329
26	 29	 55	 Cu	 54.966038
25	 30	 55	 Zn	 54.984358
37	 19	 56	 K	 56.008510
36	 20	 56	 Ca	 55.985080
35	 21	 56	 Sc	 55.973320
34	 22	 56	 Ti	 55.957788
33	 23	 56	 V	 55.950450
32	 24	 56	 Cr	 55.940649
31	 25	 56	 Mn	 55.938902
30	 26	 56	 Fe	 55.934935
29	 27	 56	 Co	 55.939838
28	 28	 56	 Ni	 55.942127
27	 29	 56	 Cu	 55.958515
26	 30	 56	 Zn	 55.972743
25	 31	 56	 Ga	 55.996361
37	 20	 57	 Ca	 56.992620
36	 21	 57	 Sc	 56.977460
35	 22	 57	 Ti	 56.963590
34	 23	 57	 V	 56.952320
33	 24	 57	 Cr	 56.943612
32	 25	 57	 Mn	 56.938285
31	 26	 57	 Fe	 56.935392
30	 27	 57	 Co	 56.936289
29	 28	 57	 Ni	 56.939791
28	 29	 57	 Cu	 56.949211
27	 30	 57	 Zn	 56.965056
26	 31	 57	 Ga	 56.983886
38	 20	 58	 Ca	 57.997940
37	 21	 58	 Sc	 57.984030
36	 22	 58	 Ti	 57.966602
35	 23	 58	 V	 57.956626
34	 24	 58	 Cr	 57.944184
33	 25	 58	 Mn	 57.940066
32	 26	 58	 Fe	 57.933273
31	 27	 58	 Co	 57.935751
30	 28	 58	 Ni	 57.935341
29	 29	 58	 Cu	 57.944532
28	 30	 58	 Zn	 57.954590
27	 31	 58	 Ga	 57.974729
26	 32	 58	 Ge	 57.992399
38	 21	 59	 Sc	 58.988940
37	 22	 59	 Ti	 58.972614
36	 23	 59	 V	 58.959385
35	 24	 59	 Cr	 58.948377
34	 25	 59	 Mn	 58.940391
33	 26	 59	 Fe	 58.934873
32	 27	 59	 Co	 58.933193
31	 28	 59	 Ni	 58.934345
30	 29	 59	 Cu	 58.939496
29	 30	 59	 Zn	 58.949312
28	 31	 59	 Ga	 58.963757
27	 32	 59	 Ge	 58.982963
39	 21	 60	 Sc	 59.995650
38	 22	 60	 Ti	 59.976028
37	 23	 60	 V	 59.964313
36	 24	 60	 Cr	 59.949898
35	 25	 60	 Mn	 59.943136
34	 26	 60	 Fe	 59.934070
33	 27	 60	 Co	 59.933815
32	 28	 60	 Ni	 59.930785
31	 29	 60	 Cu	 59.937363
30	 30	 60	 Zn	 59.941841
29	 31	 60	 Ga	 59.957498
28	 32	 60	 Ge	 59.970918
27	 33	 60	 As	 59.994128
40	 21	 61	 Sc	 61.001000
39	 22	 61	 Ti	 60.982448
38	 23	 61	 V	 60.967250
37	 24	 61	 Cr	 60.954400
36	 25	 61	 Mn	 60.944452
35	 26	 61	 Fe	 60.936746
34	 27	 61	 Co	 60.932476
33	 28	 61	 Ni	 60.931054
32	 29	 61	 Cu	 60.933457
31	 30	 61	 Zn	 60.939506
30	 31	 61	 Ga	 60.949398
29	 32	 61	 Ge	 60.964187
28	 33	 61	 As	 60.981857
40	 22	 62	 Ti	 61.986581
39	 23	 62	 V	 61.972650
38	 24	 62	 Cr	 61.956097
37	 25	 62	 Mn	 61.947907
36	 26	 62	 Fe	 61.936791
35	 27	 62	 Co	 61.934058
34	 28	 62	 Ni	 61.928344
33	 29	 62	 Cu	 61.932594
32	 30	 62	 Zn	 61.934333
31	 31	 62	 Ga	 61.944189
30	 32	 62	 Ge	 61.955190
29	 33	 62	 As	 61.973891
41	 22	 63	 Ti	 62.993827
40	 23	 63	 V	 62.976500
39	 24	 63	 Cr	 62.961344
38	 25	 63	 Mn	 62.949664
37	 26	 63	 Fe	 62.940272
36	 27	 63	 Co	 62.933599
35	 28	 63	 Ni	 62.929669
34	 29	 63	 Cu	 62.929597
33	 30	 63	 Zn	 62.933211
32	 31	 63	 Ga	 62.939294
31	 32	 63	 Ge	 62.949628
30	 33	 63	 As	 62.964036
42	 22	 64	 Ti	 63.998900
41	 23	 64	 V	 63.982480
40	 24	 64	 Cr	 63.964058
39	 25	 64	 Mn	 63.953849
38	 26	 64	 Fe	 63.940987
37	 27	 64	 Co	 63.935810
36	 28	 64	 Ni	 63.927966
35	 29	 64	 Cu	 63.929763
34	 30	 64	 Zn	 63.929141
33	 31	 64	 Ga	 63.936840
32	 32	 64	 Ge	 63.941689
31	 33	 64	 As	 63.957560
30	 34	 64	 Se	 63.971336
42	 23	 65	 V	 64.987354
41	 24	 65	 Cr	 64.969705
40	 25	 65	 Mn	 64.956019
39	 26	 65	 Fe	 64.945015
38	 27	 65	 Co	 64.936462
37	 28	 65	 Ni	 64.930084
36	 29	 65	 Cu	 64.927789
35	 30	 65	 Zn	 64.929240
34	 31	 65	 Ga	 64.932734
33	 32	 65	 Ge	 64.939368
32	 33	 65	 As	 64.949611
31	 34	 65	 Se	 64.964552
43	 23	 66	 V	 65.993977
42	 24	 66	 Cr	 65.973462
41	 25	 66	 Mn	 65.960546
40	 26	 66	 Fe	 65.946249
39	 27	 66	 Co	 65.939442
38	 28	 66	 Ni	 65.929139
37	 29	 66	 Cu	 65.928868
36	 30	 66	 Zn	 65.926033
35	 31	 66	 Ga	 65.931589
34	 32	 66	 Ge	 65.933862
33	 33	 66	 As	 65.944148
32	 34	 66	 Se	 65.955276
44	 23	 67	 V	 66.999302
43	 24	 67	 Cr	 66.979946
42	 25	 67	 Mn	 66.964079
41	 26	 67	 Fe	 66.951035
40	 27	 67	 Co	 66.940609
39	 28	 67	 Ni	 66.931569
38	 29	 67	 Cu	 66.927729
37	 30	 67	 Zn	 66.927127
36	 31	 67	 Ga	 66.928202
35	 32	 67	 Ge	 66.932733
34	 33	 67	 As	 66.939251
33	 34	 67	 Se	 66.949994
32	 35	 67	 Br	 66.964798
44	 24	 68	 Cr	 67.984112
43	 25	 68	 Mn	 67.969533
42	 26	 68	 Fe	 67.953314
41	 27	 68	 Co	 67.944250
40	 28	 68	 Ni	 67.931868
39	 29	 68	 Cu	 67.929610
38	 30	 68	 Zn	 67.924844
37	 31	 68	 Ga	 67.927980
36	 32	 68	 Ge	 67.928095
35	 33	 68	 As	 67.936774
34	 34	 68	 Se	 67.941825
33	 35	 68	 Br	 67.958356
45	 24	 69	 Cr	 68.990789
44	 25	 69	 Mn	 68.973408
43	 26	 69	 Fe	 68.958100
42	 27	 69	 Co	 68.946023
41	 28	 69	 Ni	 68.935610
40	 29	 69	 Cu	 68.929429
39	 30	 69	 Zn	 68.926550
38	 31	 69	 Ga	 68.925573
37	 32	 69	 Ge	 68.927964
36	 33	 69	 As	 68.932246
35	 34	 69	 Se	 68.939414
34	 35	 69	 Br	 68.950338
33	 36	 69	 Kr	 68.965180
46	 24	 70	 Cr	 69.995191
45	 25	 70	 Mn	 69.979066
44	 26	 70	 Fe	 69.960805
43	 27	 70	 Co	 69.949941
42	 28	 70	 Ni	 69.936431
41	 29	 70	 Cu	 69.932392
40	 30	 70	 Zn	 69.925319
39	 31	 70	 Ga	 69.926021
38	 32	 70	 Ge	 69.924248
37	 33	 70	 As	 69.930926
36	 34	 70	 Se	 69.933515
35	 35	 70	 Br	 69.944792
34	 36	 70	 Kr	 69.955877
46	 25	 71	 Mn	 70.983285
45	 26	 71	 Fe	 70.966259
44	 27	 71	 Co	 70.952366
43	 28	 71	 Ni	 70.940518
42	 29	 71	 Cu	 70.932676
41	 30	 71	 Zn	 70.927719
40	 31	 71	 Ga	 70.924702
39	 32	 71	 Ge	 70.924952
38	 33	 71	 As	 70.927113
37	 34	 71	 Se	 70.932209
36	 35	 71	 Br	 70.939342
35	 36	 71	 Kr	 70.950265
34	 37	 71	 Rb	 70.965582
47	 25	 72	 Mn	 71.989372
46	 26	 72	 Fe	 71.969479
45	 27	 72	 Co	 71.956844
44	 28	 72	 Ni	 71.941785
43	 29	 72	 Cu	 71.935820
42	 30	 72	 Zn	 71.926842
41	 31	 72	 Ga	 71.926367
40	 32	 72	 Ge	 71.922075
39	 33	 72	 As	 71.926752
38	 34	 72	 Se	 71.927140
37	 35	 72	 Br	 71.936594
36	 36	 72	 Kr	 71.942092
35	 37	 72	 Rb	 71.958851
47	 26	 73	 Fe	 72.975416
46	 27	 73	 Co	 72.959830
45	 28	 73	 Ni	 72.946206
44	 29	 73	 Cu	 72.936674
43	 30	 73	 Zn	 72.929582
42	 31	 73	 Ga	 72.925174
41	 32	 73	 Ge	 72.923458
40	 33	 73	 As	 72.923829
39	 34	 73	 Se	 72.926754
38	 35	 73	 Br	 72.931671
37	 36	 73	 Kr	 72.939289
36	 37	 73	 Rb	 72.950529
35	 38	 73	 Sr	 72.965700
48	 26	 74	 Fe	 73.978969
47	 27	 74	 Co	 73.964766
46	 28	 74	 Ni	 73.947980
45	 29	 74	 Cu	 73.939874
44	 30	 74	 Zn	 73.929407
43	 31	 74	 Ga	 73.926945
42	 32	 74	 Ge	 73.921177
41	 33	 74	 As	 73.923928
40	 34	 74	 Se	 73.922475
39	 35	 74	 Br	 73.929910
38	 36	 74	 Kr	 73.933084
37	 37	 74	 Rb	 73.944265
36	 38	 74	 Sr	 73.956170
49	 26	 75	 Fe	 74.985357
48	 27	 75	 Co	 74.968170
47	 28	 75	 Ni	 74.952732
46	 29	 75	 Cu	 74.941522
45	 30	 75	 Zn	 74.932840
44	 31	 75	 Ga	 74.926500
43	 32	 75	 Ge	 74.922858
42	 33	 75	 As	 74.921594
41	 34	 75	 Se	 74.922522
40	 35	 75	 Br	 74.925810
39	 36	 75	 Kr	 74.930945
38	 37	 75	 Rb	 74.938573
37	 38	 75	 Sr	 74.949952
36	 39	 75	 Y	 74.965840
49	 27	 76	 Co	 75.973687
48	 28	 76	 Ni	 75.955308
47	 29	 76	 Cu	 75.945275
46	 30	 76	 Zn	 75.933114
45	 31	 76	 Ga	 75.928827
44	 32	 76	 Ge	 75.921402
43	 33	 76	 As	 75.922392
42	 34	 76	 Se	 75.919213
41	 35	 76	 Br	 75.924541
40	 36	 76	 Kr	 75.925910
39	 37	 76	 Rb	 75.935073
38	 38	 76	 Sr	 75.941762
37	 39	 76	 Y	 75.958690
50	 27	 77	 Co	 76.977440
49	 28	 77	 Ni	 76.960494
48	 29	 77	 Cu	 76.947800
47	 30	 77	 Zn	 76.936887
46	 31	 77	 Ga	 76.929154
45	 32	 77	 Ge	 76.923549
44	 33	 77	 As	 76.920647
43	 34	 77	 Se	 76.919914
42	 35	 77	 Br	 76.921379
41	 36	 77	 Kr	 76.924670
40	 37	 77	 Rb	 76.930401
39	 38	 77	 Sr	 76.937945
38	 39	 77	 Y	 76.950146
37	 40	 77	 Zr	 76.965604
50	 28	 78	 Ni	 77.963618
49	 29	 78	 Cu	 77.952230
48	 30	 78	 Zn	 77.938289
47	 31	 78	 Ga	 77.931608
46	 32	 78	 Ge	 77.922852
45	 33	 78	 As	 77.921827
44	 34	 78	 Se	 77.917309
43	 35	 78	 Br	 77.921145
42	 36	 78	 Kr	 77.920366
41	 37	 78	 Rb	 77.928141
40	 38	 78	 Sr	 77.932179
39	 39	 78	 Y	 77.943990
38	 40	 78	 Zr	 77.956146
51	 28	 79	 Ni	 78.970402
50	 29	 79	 Cu	 78.955190
49	 30	 79	 Zn	 78.942638
48	 31	 79	 Ga	 78.932852
47	 32	 79	 Ge	 78.925360
46	 33	 79	 As	 78.920948
45	 34	 79	 Se	 78.918499
44	 35	 79	 Br	 78.918337
43	 36	 79	 Kr	 78.920082
42	 37	 79	 Rb	 78.923989
41	 38	 79	 Sr	 78.929707
40	 39	 79	 Y	 78.937930
39	 40	 79	 Zr	 78.949790
38	 41	 79	 Nb	 78.966022
52	 28	 80	 Ni	 79.975706
51	 29	 80	 Cu	 79.961138
50	 30	 80	 Zn	 79.944552
49	 31	 80	 Ga	 79.936420
48	 32	 80	 Ge	 79.925350
47	 33	 80	 As	 79.922474
46	 34	 80	 Se	 79.916521
45	 35	 80	 Br	 79.918529
44	 36	 80	 Kr	 79.916378
43	 37	 80	 Rb	 79.922516
42	 38	 80	 Sr	 79.924517
41	 39	 80	 Y	 79.934354
40	 40	 80	 Zr	 79.941642
39	 41	 80	 Nb	 79.958754
52	 29	 81	 Cu	 80.966269
51	 30	 81	 Zn	 80.950402
50	 31	 81	 Ga	 80.938133
49	 32	 81	 Ge	 80.928832
48	 33	 81	 As	 80.922132
47	 34	 81	 Se	 80.917993
46	 35	 81	 Br	 80.916288
45	 36	 81	 Kr	 80.916589
44	 37	 81	 Rb	 80.918993
43	 38	 81	 Sr	 80.923211
42	 39	 81	 Y	 80.929454
41	 40	 81	 Zr	 80.938314
40	 41	 81	 Nb	 80.950230
39	 42	 81	 Mo	 80.965915
53	 29	 82	 Cu	 81.972818
52	 30	 82	 Zn	 81.954574
51	 31	 82	 Ga	 81.943176
50	 32	 82	 Ge	 81.929774
49	 33	 82	 As	 81.924738
48	 34	 82	 Se	 81.916699
47	 35	 82	 Br	 81.916801
46	 36	 82	 Kr	 81.913481
45	 37	 82	 Rb	 81.918209
44	 38	 82	 Sr	 81.918399
43	 39	 82	 Y	 81.926930
42	 40	 82	 Zr	 81.931689
41	 41	 82	 Nb	 81.944079
40	 42	 82	 Mo	 81.956661
53	 30	 83	 Zn	 82.961041
52	 31	 83	 Ga	 82.947120
51	 32	 83	 Ge	 82.934539
50	 33	 83	 As	 82.925206
49	 34	 83	 Se	 82.919118
48	 35	 83	 Br	 82.915175
47	 36	 83	 Kr	 82.914126
46	 37	 83	 Rb	 82.915114
45	 38	 83	 Sr	 82.917554
44	 39	 83	 Y	 82.922484
43	 40	 83	 Zr	 82.929240
42	 41	 83	 Nb	 82.938211
41	 42	 83	 Mo	 82.950252
40	 43	 83	 Tc	 82.966377
54	 30	 84	 Zn	 83.965722
53	 31	 84	 Ga	 83.952670
52	 32	 84	 Ge	 83.937575
51	 33	 84	 As	 83.929303
50	 34	 84	 Se	 83.918466
49	 35	 84	 Br	 83.916496
48	 36	 84	 Kr	 83.911497
47	 37	 84	 Rb	 83.914375
46	 38	 84	 Sr	 83.913419
45	 39	 84	 Y	 83.920671
44	 40	 84	 Zr	 83.923325
43	 41	 84	 Nb	 83.934279
42	 42	 84	 Mo	 83.941846
41	 43	 84	 Tc	 83.959527
55	 30	 85	 Zn	 84.972914
54	 31	 85	 Ga	 84.957220
53	 32	 85	 Ge	 84.942969
52	 33	 85	 As	 84.932163
51	 34	 85	 Se	 84.922260
50	 35	 85	 Br	 84.915645
49	 36	 85	 Kr	 84.912527
48	 37	 85	 Rb	 84.911789
47	 38	 85	 Sr	 84.912932
46	 39	 85	 Y	 84.916433
45	 40	 85	 Zr	 84.921443
44	 41	 85	 Nb	 84.928845
43	 42	 85	 Mo	 84.938260
42	 43	 85	 Tc	 84.950778
41	 44	 85	 Ru	 84.966774
55	 31	 86	 Ga	 85.963414
54	 32	 86	 Ge	 85.946967
53	 33	 86	 As	 85.936701
52	 34	 86	 Se	 85.924311
51	 35	 86	 Br	 85.918805
50	 36	 86	 Kr	 85.910610
49	 37	 86	 Rb	 85.911167
48	 38	 86	 Sr	 85.909260
47	 39	 86	 Y	 85.914886
46	 40	 86	 Zr	 85.916296
45	 41	 86	 Nb	 85.925781
44	 42	 86	 Mo	 85.931174
43	 43	 86	 Tc	 85.944637
42	 44	 86	 Ru	 85.957305
56	 31	 87	 Ga	 86.968599
55	 32	 87	 Ge	 86.952680
54	 33	 87	 As	 86.940291
53	 34	 87	 Se	 86.928688
52	 35	 87	 Br	 86.920674
51	 36	 87	 Kr	 86.913354
50	 37	 87	 Rb	 86.909180
49	 38	 87	 Sr	 86.908877
48	 39	 87	 Y	 86.910876
47	 40	 87	 Zr	 86.914817
46	 41	 87	 Nb	 86.920692
45	 42	 87	 Mo	 86.928196
44	 43	 87	 Tc	 86.938067
43	 44	 87	 Ru	 86.951132
56	 32	 88	 Ge	 87.956910
55	 33	 88	 As	 87.945550
54	 34	 88	 Se	 87.931417
53	 35	 88	 Br	 87.924083
52	 36	 88	 Kr	 87.914447
51	 37	 88	 Rb	 87.911315
50	 38	 88	 Sr	 87.905612
49	 39	 88	 Y	 87.909501
48	 40	 88	 Zr	 87.910220
47	 41	 88	 Nb	 87.918224
46	 42	 88	 Mo	 87.921967
45	 43	 88	 Tc	 87.933782
44	 44	 88	 Ru	 87.941664
43	 45	 88	 Rh	 87.960429
57	 32	 89	 Ge	 88.963790
56	 33	 89	 As	 88.949760
55	 34	 89	 Se	 88.936669
54	 35	 89	 Br	 88.926704
53	 36	 89	 Kr	 88.917835
52	 37	 89	 Rb	 88.912278
51	 38	 89	 Sr	 88.907450
50	 39	 89	 Y	 88.905841
49	 40	 89	 Zr	 88.908882
48	 41	 89	 Nb	 88.913445
47	 42	 89	 Mo	 88.919468
46	 43	 89	 Tc	 88.927648
45	 44	 89	 Ru	 88.937455
44	 45	 89	 Rh	 88.950767
58	 32	 90	 Ge	 89.968630
57	 33	 90	 As	 89.955630
56	 34	 90	 Se	 89.940096
55	 35	 90	 Br	 89.931292
54	 36	 90	 Kr	 89.919527
53	 37	 90	 Rb	 89.914798
52	 38	 90	 Sr	 89.907730
51	 39	 90	 Y	 89.907144
50	 40	 90	 Zr	 89.904698
49	 41	 90	 Nb	 89.911259
48	 42	 90	 Mo	 89.913931
47	 43	 90	 Tc	 89.924073
46	 44	 90	 Ru	 89.930344
45	 45	 90	 Rh	 89.944498
44	 46	 90	 Pd	 89.957370
58	 33	 91	 As	 90.960390
57	 34	 91	 Se	 90.945700
56	 35	 91	 Br	 90.934398
55	 36	 91	 Kr	 90.923806
54	 37	 91	 Rb	 90.916537
53	 38	 91	 Sr	 90.910195
52	 39	 91	 Y	 90.907298
51	 40	 91	 Zr	 90.905640
50	 41	 91	 Nb	 90.906990
49	 42	 91	 Mo	 90.911745
48	 43	 91	 Tc	 90.918424
47	 44	 91	 Ru	 90.926741
46	 45	 91	 Rh	 90.937123
45	 46	 91	 Pd	 90.950692
59	 33	 92	 As	 91.966740
58	 34	 92	 Se	 91.949840
57	 35	 92	 Br	 91.939631
56	 36	 92	 Kr	 91.926173
55	 37	 92	 Rb	 91.919728
54	 38	 92	 Sr	 91.911038
53	 39	 92	 Y	 91.908945
52	 40	 92	 Zr	 91.905035
51	 41	 92	 Nb	 91.907188
50	 42	 92	 Mo	 91.906807
49	 43	 92	 Tc	 91.915269
48	 44	 92	 Ru	 91.920234
47	 45	 92	 Rh	 91.932367
46	 46	 92	 Pd	 91.941406
45	 47	 92	 Ag	 91.960139
59	 34	 93	 Se	 92.956290
58	 35	 93	 Br	 92.943220
57	 36	 93	 Kr	 92.931147
56	 37	 93	 Rb	 92.922039
55	 38	 93	 Sr	 92.914024
54	 39	 93	 Y	 92.909578
53	 40	 93	 Zr	 92.906470
52	 41	 93	 Nb	 92.906373
51	 42	 93	 Mo	 92.906808
50	 43	 93	 Tc	 92.910245
49	 44	 93	 Ru	 92.917104
48	 45	 93	 Rh	 92.925912
47	 46	 93	 Pd	 92.936660
46	 47	 93	 Ag	 92.950330
60	 34	 94	 Se	 93.960490
59	 35	 94	 Br	 93.949114
58	 36	 94	 Kr	 93.934140
57	 37	 94	 Rb	 93.926394
56	 38	 94	 Sr	 93.915355
55	 39	 94	 Y	 93.911592
54	 40	 94	 Zr	 93.906312
53	 41	 94	 Nb	 93.907278
52	 42	 94	 Mo	 93.905083
51	 43	 94	 Tc	 93.909652
50	 44	 94	 Ru	 93.911342
49	 45	 94	 Rh	 93.921730
48	 46	 94	 Pd	 93.929036
47	 47	 94	 Ag	 93.943736
46	 48	 94	 Cd	 93.956908
61	 34	 95	 Se	 94.967300
60	 35	 95	 Br	 94.953010
59	 36	 95	 Kr	 94.939710
58	 37	 95	 Rb	 94.929262
57	 38	 95	 Sr	 94.919355
56	 39	 95	 Y	 94.912818
55	 40	 95	 Zr	 94.908040
54	 41	 95	 Nb	 94.906831
53	 42	 95	 Mo	 94.905837
52	 43	 95	 Tc	 94.907652
51	 44	 95	 Ru	 94.910404
50	 45	 95	 Rh	 94.915897
49	 46	 95	 Pd	 94.924888
48	 47	 95	 Ag	 94.936020
47	 48	 95	 Cd	 94.949940
61	 35	 96	 Br	 95.959030
60	 36	 96	 Kr	 95.943016
59	 37	 96	 Rb	 95.934133
58	 38	 96	 Sr	 95.921712
57	 39	 96	 Y	 95.915902
56	 40	 96	 Zr	 95.908277
55	 41	 96	 Nb	 95.908101
54	 42	 96	 Mo	 95.904674
53	 43	 96	 Tc	 95.907866
52	 44	 96	 Ru	 95.907588
51	 45	 96	 Rh	 95.914451
50	 46	 96	 Pd	 95.918213
49	 47	 96	 Ag	 95.930743
48	 48	 96	 Cd	 95.940340
47	 49	 96	 In	 95.959323
62	 35	 97	 Br	 96.963440
61	 36	 97	 Kr	 96.949088
60	 37	 97	 Rb	 96.937177
59	 38	 97	 Sr	 96.926374
58	 39	 97	 Y	 96.918280
57	 40	 97	 Zr	 96.910957
56	 41	 97	 Nb	 96.908098
55	 42	 97	 Mo	 96.906016
54	 43	 97	 Tc	 96.906360
53	 44	 97	 Ru	 96.907545
52	 45	 97	 Rh	 96.911327
51	 46	 97	 Pd	 96.916471
50	 47	 97	 Ag	 96.923965
49	 48	 97	 Cd	 96.935100
48	 49	 97	 In	 96.949340
63	 35	 98	 Br	 97.969672
62	 36	 98	 Kr	 97.952430
61	 37	 98	 Rb	 97.941632
60	 38	 98	 Sr	 97.928691
59	 39	 98	 Y	 97.922388
58	 40	 98	 Zr	 97.912735
57	 41	 98	 Nb	 97.910332
56	 42	 98	 Mo	 97.905403
55	 43	 98	 Tc	 97.907211
54	 44	 98	 Ru	 97.905286
53	 45	 98	 Rh	 97.910707
52	 46	 98	 Pd	 97.912698
51	 47	 98	 Ag	 97.921559
50	 48	 98	 Cd	 97.927389
49	 49	 98	 In	 97.942140
63	 36	 99	 Kr	 98.958390
62	 37	 99	 Rb	 98.945119
61	 38	 99	 Sr	 98.932880
60	 39	 99	 Y	 98.924154
59	 40	 99	 Zr	 98.916670
58	 41	 99	 Nb	 98.911609
57	 42	 99	 Mo	 98.907707
56	 43	 99	 Tc	 98.906249
55	 44	 99	 Ru	 98.905930
54	 45	 99	 Rh	 98.908124
53	 46	 99	 Pd	 98.911773
52	 47	 99	 Ag	 98.917645
51	 48	 99	 Cd	 98.924925
50	 49	 99	 In	 98.934110
49	 50	 99	 Sn	 98.948530
64	 36	 100	 Kr	 99.962370
63	 37	 100	 Rb	 99.950351
62	 38	 100	 Sr	 99.935779
61	 39	 100	 Y	 99.927721
60	 40	 100	 Zr	 99.918005
59	 41	 100	 Nb	 99.914333
58	 42	 100	 Mo	 99.907467
57	 43	 100	 Tc	 99.907652
56	 44	 100	 Ru	 99.904210
55	 45	 100	 Rh	 99.908114
54	 46	 100	 Pd	 99.908520
53	 47	 100	 Ag	 99.916115
52	 48	 100	 Cd	 99.920348
51	 49	 100	 In	 99.930957
50	 50	 100	 Sn	 99.938504
65	 36	 101	 Kr	 100.968730
64	 37	 101	 Rb	 100.954004
63	 38	 101	 Sr	 100.940606
62	 39	 101	 Y	 100.930154
61	 40	 101	 Zr	 100.921453
60	 41	 101	 Nb	 100.915306
59	 42	 101	 Mo	 100.910337
58	 43	 101	 Tc	 100.907305
57	 44	 101	 Ru	 100.905573
56	 45	 101	 Rh	 100.906158
55	 46	 101	 Pd	 100.908284
54	 47	 101	 Ag	 100.912683
53	 48	 101	 Cd	 100.918586
52	 49	 101	 In	 100.926340
51	 50	 101	 Sn	 100.935259
65	 37	 102	 Rb	 101.959520
64	 38	 102	 Sr	 101.944004
63	 39	 102	 Y	 101.934327
62	 40	 102	 Zr	 101.923147
61	 41	 102	 Nb	 101.918083
60	 42	 102	 Mo	 101.910288
59	 43	 102	 Tc	 101.909207
58	 44	 102	 Ru	 101.904340
57	 45	 102	 Rh	 101.906834
56	 46	 102	 Pd	 101.905632
55	 47	 102	 Ag	 101.911704
54	 48	 102	 Cd	 101.914481
53	 49	 102	 In	 101.924105
52	 50	 102	 Sn	 101.930289
66	 37	 103	 Rb	 102.963920
65	 38	 103	 Sr	 102.949090
64	 39	 103	 Y	 102.937243
63	 40	 103	 Zr	 102.927197
62	 41	 103	 Nb	 102.919453
61	 42	 103	 Mo	 102.913085
60	 43	 103	 Tc	 102.909174
59	 44	 103	 Ru	 102.906314
58	 45	 103	 Rh	 102.905494
57	 46	 103	 Pd	 102.906110
56	 47	 103	 Ag	 102.908960
55	 48	 103	 Cd	 102.913416
54	 49	 103	 In	 102.919878
53	 50	 103	 Sn	 102.928101
52	 51	 103	 Sb	 102.939690
66	 38	 104	 Sr	 103.952650
65	 39	 104	 Y	 103.941960
64	 40	 104	 Zr	 103.929442
63	 41	 104	 Nb	 103.922899
62	 42	 104	 Mo	 103.913740
61	 43	 104	 Tc	 103.911428
60	 44	 104	 Ru	 103.905425
59	 45	 104	 Rh	 103.906645
58	 46	 104	 Pd	 103.904030
57	 47	 104	 Ag	 103.908623
56	 48	 104	 Cd	 103.909856
55	 49	 104	 In	 103.918214
54	 50	 104	 Sn	 103.923105
53	 51	 104	 Sb	 103.936474
67	 38	 105	 Sr	 104.958550
66	 39	 105	 Y	 104.944959
65	 40	 105	 Zr	 104.934014
64	 41	 105	 Nb	 104.924942
63	 42	 105	 Mo	 104.916975
62	 43	 105	 Tc	 104.911657
61	 44	 105	 Ru	 104.907745
60	 45	 105	 Rh	 104.905687
59	 46	 105	 Pd	 104.905079
58	 47	 105	 Ag	 104.906525
57	 48	 105	 Cd	 104.909463
56	 49	 105	 In	 104.914502
55	 50	 105	 Sn	 104.921268
54	 51	 105	 Sb	 104.931276
53	 52	 105	 Te	 104.943304
68	 38	 106	 Sr	 105.962651
67	 39	 106	 Y	 105.950560
66	 40	 106	 Zr	 105.937144
65	 41	 106	 Nb	 105.928927
64	 42	 106	 Mo	 105.918266
63	 43	 106	 Tc	 105.914356
62	 44	 106	 Ru	 105.907328
61	 45	 106	 Rh	 105.907285
60	 46	 106	 Pd	 105.903480
59	 47	 106	 Ag	 105.906663
58	 48	 106	 Cd	 105.906459
57	 49	 106	 In	 105.913463
56	 50	 106	 Sn	 105.916957
55	 51	 106	 Sb	 105.928637
54	 52	 106	 Te	 105.937498
69	 38	 107	 Sr	 106.968975
68	 39	 107	 Y	 106.954520
67	 40	 107	 Zr	 106.941621
66	 41	 107	 Nb	 106.931589
65	 42	 107	 Mo	 106.922112
64	 43	 107	 Tc	 106.915458
63	 44	 107	 Ru	 106.909969
62	 45	 107	 Rh	 106.906747
61	 46	 107	 Pd	 106.905128
60	 47	 107	 Ag	 106.905091
59	 48	 107	 Cd	 106.906612
58	 49	 107	 In	 106.910290
57	 50	 107	 Sn	 106.915713
56	 51	 107	 Sb	 106.924150
55	 52	 107	 Te	 106.935008
54	 53	 107	 I	 106.946935
69	 39	 108	 Y	 107.959960
68	 40	 108	 Zr	 107.944870
67	 41	 108	 Nb	 107.936074
66	 42	 108	 Mo	 107.924040
65	 43	 108	 Tc	 107.918493
64	 44	 108	 Ru	 107.910185
63	 45	 108	 Rh	 107.908714
62	 46	 108	 Pd	 107.903891
61	 47	 108	 Ag	 107.905950
60	 48	 108	 Cd	 107.904183
59	 49	 108	 In	 107.909693
58	 50	 108	 Sn	 107.911894
57	 51	 108	 Sb	 107.922226
56	 52	 108	 Te	 107.929380
55	 53	 108	 I	 107.943478
70	 39	 109	 Y	 108.964358
69	 40	 109	 Zr	 108.950410
68	 41	 109	 Nb	 108.939141
67	 42	 109	 Mo	 108.928431
66	 43	 109	 Tc	 108.920254
65	 44	 109	 Ru	 108.913323
64	 45	 109	 Rh	 108.908749
63	 46	 109	 Pd	 108.905950
62	 47	 109	 Ag	 108.904755
61	 48	 109	 Cd	 108.904986
60	 49	 109	 In	 108.907149
59	 50	 109	 Sn	 108.911292
58	 51	 109	 Sb	 108.918141
57	 52	 109	 Te	 108.927304
56	 53	 109	 I	 108.938086
55	 54	 109	 Xe	 108.950434
70	 40	 110	 Zr	 109.953960
69	 41	 110	 Nb	 109.943843
68	 42	 110	 Mo	 109.930710
67	 43	 110	 Tc	 109.923741
66	 44	 110	 Ru	 109.914038
65	 45	 110	 Rh	 109.911079
64	 46	 110	 Pd	 109.905172
63	 47	 110	 Ag	 109.906110
62	 48	 110	 Cd	 109.903007
61	 49	 110	 In	 109.907170
60	 50	 110	 Sn	 109.907844
59	 51	 110	 Sb	 109.916854
58	 52	 110	 Te	 109.922458
57	 53	 110	 I	 109.935089
56	 54	 110	 Xe	 109.944258
71	 40	 111	 Zr	 110.959678
70	 41	 111	 Nb	 110.947530
69	 42	 111	 Mo	 110.935652
68	 43	 111	 Tc	 110.925899
67	 44	 111	 Ru	 110.917567
66	 45	 111	 Rh	 110.911642
65	 46	 111	 Pd	 110.907690
64	 47	 111	 Ag	 110.905296
63	 48	 111	 Cd	 110.904183
62	 49	 111	 In	 110.905107
61	 50	 111	 Sn	 110.907741
60	 51	 111	 Sb	 110.913218
59	 52	 111	 Te	 110.921000
58	 53	 111	 I	 110.930269
57	 54	 111	 Xe	 110.941603
56	 55	 111	 Cs	 110.954030
72	 40	 112	 Zr	 111.963703
71	 41	 112	 Nb	 111.952470
70	 42	 112	 Mo	 111.938310
69	 43	 112	 Tc	 111.929941
68	 44	 112	 Ru	 111.918806
67	 45	 112	 Rh	 111.914404
66	 46	 112	 Pd	 111.907329
65	 47	 112	 Ag	 111.907048
64	 48	 112	 Cd	 111.902763
63	 49	 112	 In	 111.905538
62	 50	 112	 Sn	 111.904824
61	 51	 112	 Sb	 111.912399
60	 52	 112	 Te	 111.916727
59	 53	 112	 I	 111.928004
58	 54	 112	 Xe	 111.935559
57	 55	 112	 Cs	 111.950305
72	 41	 113	 Nb	 112.956510
71	 42	 113	 Mo	 112.943650
70	 43	 113	 Tc	 112.932569
69	 44	 113	 Ru	 112.922846
68	 45	 113	 Rh	 112.915439
67	 46	 113	 Pd	 112.910261
66	 47	 113	 Ag	 112.906572
65	 48	 113	 Cd	 112.904408
64	 49	 113	 In	 112.904060
63	 50	 113	 Sn	 112.905175
62	 51	 113	 Sb	 112.909374
61	 52	 113	 Te	 112.915891
60	 53	 113	 I	 112.923650
59	 54	 113	 Xe	 112.933221
58	 55	 113	 Cs	 112.944428
57	 56	 113	 Ba	 112.957290
73	 41	 114	 Nb	 113.962010
72	 42	 114	 Mo	 113.946530
71	 43	 114	 Tc	 113.937090
70	 44	 114	 Ru	 113.924613
69	 45	 114	 Rh	 113.918721
68	 46	 114	 Pd	 113.910368
67	 47	 114	 Ag	 113.908823
66	 48	 114	 Cd	 113.903364
65	 49	 114	 In	 113.904916
64	 50	 114	 Sn	 113.902780
63	 51	 114	 Sb	 113.909289
62	 52	 114	 Te	 113.912089
61	 53	 114	 I	 113.921850
60	 54	 114	 Xe	 113.927980
59	 55	 114	 Cs	 113.941296
58	 56	 114	 Ba	 113.950718
74	 41	 115	 Nb	 114.966340
73	 42	 115	 Mo	 114.951960
72	 43	 115	 Tc	 114.939538
71	 44	 115	 Ru	 114.928942
70	 45	 115	 Rh	 114.920310
69	 46	 115	 Pd	 114.913658
68	 47	 115	 Ag	 114.908767
67	 48	 115	 Cd	 114.905437
66	 49	 115	 In	 114.903878
65	 50	 115	 Sn	 114.903344
64	 51	 115	 Sb	 114.906598
63	 52	 115	 Te	 114.911902
62	 53	 115	 I	 114.918048
61	 54	 115	 Xe	 114.926293
60	 55	 115	 Cs	 114.935910
59	 56	 115	 Ba	 114.947375
74	 42	 116	 Mo	 115.955448
73	 43	 116	 Tc	 115.944760
72	 44	 116	 Ru	 115.931219
71	 45	 116	 Rh	 115.924061
70	 46	 116	 Pd	 115.914297
69	 47	 116	 Ag	 115.911386
68	 48	 116	 Cd	 115.904763
67	 49	 116	 In	 115.905259
66	 50	 116	 Sn	 115.901742
65	 51	 116	 Sb	 115.906792
64	 52	 116	 Te	 115.908460
63	 53	 116	 I	 115.916808
62	 54	 116	 Xe	 115.921581
61	 55	 116	 Cs	 115.933395
60	 56	 116	 Ba	 115.941406
59	 57	 116	 La	 115.956365
75	 42	 117	 Mo	 116.961170
74	 43	 117	 Tc	 116.948060
73	 44	 117	 Ru	 116.936135
72	 45	 117	 Rh	 116.926035
71	 46	 117	 Pd	 116.917954
70	 47	 117	 Ag	 116.911773
69	 48	 117	 Cd	 116.907226
68	 49	 117	 In	 116.904515
67	 50	 117	 Sn	 116.902954
66	 51	 117	 Sb	 116.904841
65	 52	 117	 Te	 116.908646
64	 53	 117	 I	 116.913648
63	 54	 117	 Xe	 116.920358
62	 55	 117	 Cs	 116.928616
61	 56	 117	 Ba	 116.938316
60	 57	 117	 La	 116.950111
76	 42	 118	 Mo	 117.964970
75	 43	 118	 Tc	 117.952990
74	 44	 118	 Ru	 117.938529
73	 45	 118	 Rh	 117.930340
72	 46	 118	 Pd	 117.919066
71	 47	 118	 Ag	 117.914595
70	 48	 118	 Cd	 117.906921
69	 49	 118	 In	 117.906356
68	 50	 118	 Sn	 117.901606
67	 51	 118	 Sb	 117.905532
66	 52	 118	 Te	 117.905853
65	 53	 118	 I	 117.913074
64	 54	 118	 Xe	 117.916178
63	 55	 118	 Cs	 117.926559
62	 56	 118	 Ba	 117.933060
61	 57	 118	 La	 117.946795
76	 43	 119	 Tc	 118.956660
75	 44	 119	 Ru	 118.943570
74	 45	 119	 Rh	 118.932556
73	 46	 119	 Pd	 118.923340
72	 47	 119	 Ag	 118.915570
71	 48	 119	 Cd	 118.909846
70	 49	 119	 In	 118.905850
69	 50	 119	 Sn	 118.903311
68	 51	 119	 Sb	 118.903945
67	 52	 119	 Te	 118.906407
66	 53	 119	 I	 118.910074
65	 54	 119	 Xe	 118.915410
64	 55	 119	 Cs	 118.922377
63	 56	 119	 Ba	 118.930659
62	 57	 119	 La	 118.941181
61	 58	 119	 Ce	 118.952828
77	 43	 120	 Tc	 119.961870
76	 44	 120	 Ru	 119.946310
75	 45	 120	 Rh	 119.936860
74	 46	 120	 Pd	 119.924551
73	 47	 120	 Ag	 119.918784
72	 48	 120	 Cd	 119.909868
71	 49	 120	 In	 119.907966
70	 50	 120	 Sn	 119.902201
69	 51	 120	 Sb	 119.905079
68	 52	 120	 Te	 119.904059
67	 53	 120	 I	 119.910087
66	 54	 120	 Xe	 119.911784
65	 55	 120	 Cs	 119.920677
64	 56	 120	 Ba	 119.926045
63	 57	 120	 La	 119.938196
62	 58	 120	 Ce	 119.946752
78	 43	 121	 Tc	 120.965883
77	 44	 121	 Ru	 120.951640
76	 45	 121	 Rh	 120.939613
75	 46	 121	 Pd	 120.928950
74	 47	 121	 Ag	 120.920125
73	 48	 121	 Cd	 120.912963
72	 49	 121	 In	 120.907851
71	 50	 121	 Sn	 120.904242
70	 51	 121	 Sb	 120.903810
69	 52	 121	 Te	 120.904942
68	 53	 121	 I	 120.907405
67	 54	 121	 Xe	 120.911453
66	 55	 121	 Cs	 120.917227
65	 56	 121	 Ba	 120.924052
64	 57	 121	 La	 120.933236
63	 58	 121	 Ce	 120.943435
62	 59	 121	 Pr	 120.955532
78	 44	 122	 Ru	 121.954750
77	 45	 122	 Rh	 121.944090
76	 46	 122	 Pd	 121.930631
75	 47	 122	 Ag	 121.923664
74	 48	 122	 Cd	 121.913459
73	 49	 122	 In	 121.910280
72	 50	 122	 Sn	 121.903444
71	 51	 122	 Sb	 121.905168
70	 52	 122	 Te	 121.903043
69	 53	 122	 I	 121.907588
68	 54	 122	 Xe	 121.908367
67	 55	 122	 Cs	 121.916108
66	 56	 122	 Ba	 121.919904
65	 57	 122	 La	 121.930710
64	 58	 122	 Ce	 121.937870
63	 59	 122	 Pr	 121.951927
79	 44	 123	 Ru	 122.960193
78	 45	 123	 Rh	 122.947010
77	 46	 123	 Pd	 122.935126
76	 47	 123	 Ag	 122.925337
75	 48	 123	 Cd	 122.916892
74	 49	 123	 In	 122.910433
73	 50	 123	 Sn	 122.905725
72	 51	 123	 Sb	 122.904214
71	 52	 123	 Te	 122.904269
70	 53	 123	 I	 122.905588
69	 54	 123	 Xe	 122.908481
68	 55	 123	 Cs	 122.912996
67	 56	 123	 Ba	 122.918781
66	 57	 123	 La	 122.926300
65	 58	 123	 Ce	 122.935280
64	 59	 123	 Pr	 122.946076
80	 44	 124	 Ru	 123.963542
79	 45	 124	 Rh	 123.951809
78	 46	 124	 Pd	 123.937316
77	 47	 124	 Ag	 123.928931
76	 48	 124	 Cd	 123.917657
75	 49	 124	 In	 123.913182
74	 50	 124	 Sn	 123.905276
73	 51	 124	 Sb	 123.905935
72	 52	 124	 Te	 123.902817
71	 53	 124	 I	 123.906209
70	 54	 124	 Xe	 123.905891
69	 55	 124	 Cs	 123.912257
68	 56	 124	 Ba	 123.915093
67	 57	 124	 La	 123.924574
66	 58	 124	 Ce	 123.930310
65	 59	 124	 Pr	 123.942940
64	 60	 124	 Nd	 123.952200
80	 45	 125	 Rh	 124.954911
79	 46	 125	 Pd	 124.941900
78	 47	 125	 Ag	 124.930735
77	 48	 125	 Cd	 124.921257
76	 49	 125	 In	 124.913604
75	 50	 125	 Sn	 124.907786
74	 51	 125	 Sb	 124.905252
73	 52	 125	 Te	 124.904429
72	 53	 125	 I	 124.904629
71	 54	 125	 Xe	 124.906394
70	 55	 125	 Cs	 124.909727
69	 56	 125	 Ba	 124.914471
68	 57	 125	 La	 124.920815
67	 58	 125	 Ce	 124.928440
66	 59	 125	 Pr	 124.937799
65	 60	 125	 Nd	 124.948900
81	 45	 126	 Rh	 125.959957
80	 46	 126	 Pd	 125.944326
79	 47	 126	 Ag	 125.934857
78	 48	 126	 Cd	 125.922429
77	 49	 126	 In	 125.916507
76	 50	 126	 Sn	 125.907658
75	 51	 126	 Sb	 125.907253
74	 52	 126	 Te	 125.903310
73	 53	 126	 I	 125.905623
72	 54	 126	 Xe	 125.904296
71	 55	 126	 Cs	 125.909445
70	 56	 126	 Ba	 125.911250
69	 57	 126	 La	 125.919512
68	 58	 126	 Ce	 125.923971
67	 59	 126	 Pr	 125.935240
66	 60	 126	 Nd	 125.943110
65	 61	 126	 Pm	 125.957756
82	 45	 127	 Rh	 126.963467
81	 46	 127	 Pd	 126.949350
80	 47	 127	 Ag	 126.937262
79	 48	 127	 Cd	 126.926196
78	 49	 127	 In	 126.917448
77	 50	 127	 Sn	 126.910390
76	 51	 127	 Sb	 126.906924
75	 52	 127	 Te	 126.905225
74	 53	 127	 I	 126.904471
73	 54	 127	 Xe	 126.905182
72	 55	 127	 Cs	 126.907417
71	 56	 127	 Ba	 126.911091
70	 57	 127	 La	 126.916375
69	 58	 127	 Ce	 126.922727
68	 59	 127	 Pr	 126.930710
67	 60	 127	 Nd	 126.940380
66	 61	 127	 Pm	 126.951920
82	 46	 128	 Pd	 127.952238
81	 47	 128	 Ag	 127.941363
80	 48	 128	 Cd	 127.927812
79	 49	 128	 In	 127.920401
78	 50	 128	 Sn	 127.910507
77	 51	 128	 Sb	 127.909145
76	 52	 128	 Te	 127.904461
75	 53	 128	 I	 127.905808
74	 54	 128	 Xe	 127.903530
73	 55	 128	 Cs	 127.907748
72	 56	 128	 Ba	 127.908342
71	 57	 128	 La	 127.915592
70	 58	 128	 Ce	 127.918911
69	 59	 128	 Pr	 127.928791
68	 60	 128	 Nd	 127.935250
67	 61	 128	 Pm	 127.948700
66	 62	 128	 Sm	 127.958486
83	 46	 129	 Pd	 128.959624
82	 47	 129	 Ag	 128.944197
81	 48	 129	 Cd	 128.932304
80	 49	 129	 In	 128.921805
79	 50	 129	 Sn	 128.913482
78	 51	 129	 Sb	 128.909146
77	 52	 129	 Te	 128.906596
76	 53	 129	 I	 128.904983
75	 54	 129	 Xe	 128.904780
74	 55	 129	 Cs	 128.906065
73	 56	 129	 Ba	 128.908680
72	 57	 129	 La	 128.912694
71	 58	 129	 Ce	 128.918102
70	 59	 129	 Pr	 128.925095
69	 60	 129	 Nd	 128.933102
68	 61	 129	 Pm	 128.943230
67	 62	 129	 Sm	 128.954911
83	 47	 130	 Ag	 129.950942
82	 48	 130	 Cd	 129.934387
81	 49	 130	 In	 129.924977
80	 50	 130	 Sn	 129.913974
79	 51	 130	 Sb	 129.911662
78	 52	 130	 Te	 129.906222
77	 53	 130	 I	 129.906670
76	 54	 130	 Xe	 129.903509
75	 55	 130	 Cs	 129.906709
74	 56	 130	 Ba	 129.906320
73	 57	 130	 La	 129.912369
72	 58	 130	 Ce	 129.914736
71	 59	 130	 Pr	 129.923590
70	 60	 130	 Nd	 129.928506
69	 61	 130	 Pm	 129.940530
68	 62	 130	 Sm	 129.949000
67	 63	 130	 Eu	 129.963840
84	 47	 131	 Ag	 130.956650
83	 48	 131	 Cd	 130.940720
82	 49	 131	 In	 130.926972
81	 50	 131	 Sn	 130.917053
80	 51	 131	 Sb	 130.911989
79	 52	 131	 Te	 130.908522
78	 53	 131	 I	 130.906126
77	 54	 131	 Xe	 130.905084
76	 55	 131	 Cs	 130.905464
75	 56	 131	 Ba	 130.906941
74	 57	 131	 La	 130.910070
73	 58	 131	 Ce	 130.914429
72	 59	 131	 Pr	 130.920234
71	 60	 131	 Nd	 130.927248
70	 61	 131	 Pm	 130.935952
69	 62	 131	 Sm	 130.946180
68	 63	 131	 Eu	 130.957842
85	 47	 132	 Ag	 131.963725
84	 48	 132	 Cd	 131.946040
83	 49	 132	 In	 131.932998
82	 50	 132	 Sn	 131.917823
81	 51	 132	 Sb	 131.914508
80	 52	 132	 Te	 131.908546
79	 53	 132	 I	 131.907993
78	 54	 132	 Xe	 131.904155
77	 55	 132	 Cs	 131.906437
76	 56	 132	 Ba	 131.905061
75	 57	 132	 La	 131.910118
74	 58	 132	 Ce	 131.911463
73	 59	 132	 Pr	 131.919240
72	 60	 132	 Nd	 131.923321
71	 61	 132	 Pm	 131.933840
70	 62	 132	 Sm	 131.940870
69	 63	 132	 Eu	 131.954696
85	 48	 133	 Cd	 132.952850
84	 49	 133	 In	 132.938310
83	 50	 133	 Sn	 132.923913
82	 51	 133	 Sb	 132.915272
81	 52	 133	 Te	 132.910963
80	 53	 133	 I	 132.907827
79	 54	 133	 Xe	 132.905910
78	 55	 133	 Cs	 132.905451
77	 56	 133	 Ba	 132.906007
76	 57	 133	 La	 132.908218
75	 58	 133	 Ce	 132.911520
74	 59	 133	 Pr	 132.916330
73	 60	 133	 Nd	 132.922348
72	 61	 133	 Pm	 132.929782
71	 62	 133	 Sm	 132.938560
70	 63	 133	 Eu	 132.949290
69	 64	 133	 Gd	 132.961503
86	 48	 134	 Cd	 133.958218
85	 49	 134	 In	 133.944540
84	 50	 134	 Sn	 133.928680
83	 51	 134	 Sb	 133.920535
82	 52	 134	 Te	 133.911396
81	 53	 134	 I	 133.909775
80	 54	 134	 Xe	 133.905393
79	 55	 134	 Cs	 133.906718
78	 56	 134	 Ba	 133.904508
77	 57	 134	 La	 133.908514
76	 58	 134	 Ce	 133.908928
75	 59	 134	 Pr	 133.915696
74	 60	 134	 Nd	 133.918790
73	 61	 134	 Pm	 133.928353
72	 62	 134	 Sm	 133.934110
71	 63	 134	 Eu	 133.946400
70	 64	 134	 Gd	 133.955660
86	 49	 135	 In	 134.950050
85	 50	 135	 Sn	 134.934908
84	 51	 135	 Sb	 134.925184
83	 52	 135	 Te	 134.916554
82	 53	 135	 I	 134.910059
81	 54	 135	 Xe	 134.907231
80	 55	 135	 Cs	 134.905977
79	 56	 135	 Ba	 134.905688
78	 57	 135	 La	 134.906984
77	 58	 135	 Ce	 134.909160
76	 59	 135	 Pr	 134.913111
75	 60	 135	 Nd	 134.918181
74	 61	 135	 Pm	 134.924796
73	 62	 135	 Sm	 134.932520
72	 63	 135	 Eu	 134.941870
71	 64	 135	 Gd	 134.952345
70	 65	 135	 Tb	 134.964760
87	 49	 136	 In	 135.956511
86	 50	 136	 Sn	 135.939990
85	 51	 136	 Sb	 135.930749
84	 52	 136	 Te	 135.920101
83	 53	 136	 I	 135.914604
82	 54	 136	 Xe	 135.907214
81	 55	 136	 Cs	 135.907311
80	 56	 136	 Ba	 135.904575
79	 57	 136	 La	 135.907634
78	 58	 136	 Ce	 135.907129
77	 59	 136	 Pr	 135.912677
76	 60	 136	 Nd	 135.914976
75	 61	 136	 Pm	 135.923595
74	 62	 136	 Sm	 135.928275
73	 63	 136	 Eu	 135.939620
72	 64	 136	 Gd	 135.947300
71	 65	 136	 Tb	 135.961213
88	 49	 137	 In	 136.962383
87	 50	 137	 Sn	 136.946550
86	 51	 137	 Sb	 136.935522
85	 52	 137	 Te	 136.925599
84	 53	 137	 I	 136.918028
83	 54	 137	 Xe	 136.911557
82	 55	 137	 Cs	 136.907089
81	 56	 137	 Ba	 136.905827
80	 57	 137	 La	 136.906450
79	 58	 137	 Ce	 136.907762
78	 59	 137	 Pr	 136.910679
77	 60	 137	 Nd	 136.914562
76	 61	 137	 Pm	 136.920479
75	 62	 137	 Sm	 136.926970
74	 63	 137	 Eu	 136.935430
73	 64	 137	 Gd	 136.945020
72	 65	 137	 Tb	 136.956020
88	 50	 138	 Sn	 137.951840
87	 51	 138	 Sb	 137.941792
86	 52	 138	 Te	 137.929472
85	 53	 138	 I	 137.922726
84	 54	 138	 Xe	 137.914146
83	 55	 138	 Cs	 137.911017
82	 56	 138	 Ba	 137.905247
81	 57	 138	 La	 137.907117
80	 58	 138	 Ce	 137.905988
79	 59	 138	 Pr	 137.910752
78	 60	 138	 Nd	 137.911949
77	 61	 138	 Pm	 137.919548
76	 62	 138	 Sm	 137.923243
75	 63	 138	 Eu	 137.933709
74	 64	 138	 Gd	 137.940096
73	 65	 138	 Tb	 137.953120
72	 66	 138	 Dy	 137.962500
89	 50	 139	 Sn	 138.958733
88	 51	 139	 Sb	 138.946550
87	 52	 139	 Te	 138.935367
86	 53	 139	 I	 138.926493
85	 54	 139	 Xe	 138.918792
84	 55	 139	 Cs	 138.913363
83	 56	 139	 Ba	 138.908841
82	 57	 139	 La	 138.906358
81	 58	 139	 Ce	 138.906657
80	 59	 139	 Pr	 138.908943
79	 60	 139	 Nd	 138.911954
78	 61	 139	 Pm	 138.916799
77	 62	 139	 Sm	 138.922296
76	 63	 139	 Eu	 138.929792
75	 64	 139	 Gd	 138.938130
74	 65	 139	 Tb	 138.948330
73	 66	 139	 Dy	 138.959590
89	 51	 140	 Sb	 139.952830
88	 52	 140	 Te	 139.939262
87	 53	 140	 I	 139.931715
86	 54	 140	 Xe	 139.921645
85	 55	 140	 Cs	 139.917283
84	 56	 140	 Ba	 139.910606
83	 57	 140	 La	 139.909483
82	 58	 140	 Ce	 139.905446
81	 59	 140	 Pr	 139.909083
80	 60	 140	 Nd	 139.909544
79	 61	 140	 Pm	 139.916034
78	 62	 140	 Sm	 139.918994
77	 63	 140	 Eu	 139.928087
76	 64	 140	 Gd	 139.933674
75	 65	 140	 Tb	 139.945805
74	 66	 140	 Dy	 139.954020
73	 67	 140	 Ho	 139.968589
90	 51	 141	 Sb	 140.958014
89	 52	 141	 Te	 140.945800
88	 53	 141	 I	 140.935666
87	 54	 141	 Xe	 140.926787
86	 55	 141	 Cs	 140.920045
85	 56	 141	 Ba	 140.914403
84	 57	 141	 La	 140.910969
83	 58	 141	 Ce	 140.908283
82	 59	 141	 Pr	 140.907658
81	 60	 141	 Nd	 140.909615
80	 61	 141	 Pm	 140.913555
79	 62	 141	 Sm	 140.918481
78	 63	 141	 Eu	 140.924931
77	 64	 141	 Gd	 140.932126
76	 65	 141	 Tb	 140.941448
75	 66	 141	 Dy	 140.951280
74	 67	 141	 Ho	 140.963108
90	 52	 142	 Te	 141.950220
89	 53	 142	 I	 141.941202
88	 54	 142	 Xe	 141.929973
87	 55	 142	 Cs	 141.924299
86	 56	 142	 Ba	 141.916432
85	 57	 142	 La	 141.914090
84	 58	 142	 Ce	 141.909249
83	 59	 142	 Pr	 141.910050
82	 60	 142	 Nd	 141.907728
81	 61	 142	 Pm	 141.912890
80	 62	 142	 Sm	 141.915204
79	 63	 142	 Eu	 141.923441
78	 64	 142	 Gd	 141.928116
77	 65	 142	 Tb	 141.939280
76	 66	 142	 Dy	 141.946194
75	 67	 142	 Ho	 141.960010
74	 68	 142	 Er	 141.969909
91	 52	 143	 Te	 142.956760
90	 53	 143	 I	 142.945646
89	 54	 143	 Xe	 142.935369
88	 55	 143	 Cs	 142.927347
87	 56	 143	 Ba	 142.920625
86	 57	 143	 La	 142.916079
85	 58	 143	 Ce	 142.912391
84	 59	 143	 Pr	 142.910822
83	 60	 143	 Nd	 142.909819
82	 61	 143	 Pm	 142.910938
81	 62	 143	 Sm	 142.914634
80	 63	 143	 Eu	 142.920298
79	 64	 143	 Gd	 142.926750
78	 65	 143	 Tb	 142.935137
77	 66	 143	 Dy	 142.943994
76	 67	 143	 Ho	 142.954860
75	 68	 143	 Er	 142.966441
91	 53	 144	 I	 143.951390
90	 54	 144	 Xe	 143.938945
89	 55	 144	 Cs	 143.932075
88	 56	 144	 Ba	 143.922954
87	 57	 144	 La	 143.919645
86	 58	 144	 Ce	 143.913652
85	 59	 144	 Pr	 143.913310
84	 60	 144	 Nd	 143.910092
83	 61	 144	 Pm	 143.912596
82	 62	 144	 Sm	 143.912006
81	 63	 144	 Eu	 143.918819
80	 64	 144	 Gd	 143.922963
79	 65	 144	 Tb	 143.933045
78	 66	 144	 Dy	 143.939269
77	 67	 144	 Ho	 143.952109
76	 68	 144	 Er	 143.960700
75	 69	 144	 Tm	 143.976104
92	 53	 145	 I	 144.956050
91	 54	 145	 Xe	 144.944719
90	 55	 145	 Cs	 144.935528
89	 56	 145	 Ba	 144.927518
88	 57	 145	 La	 144.921808
87	 58	 145	 Ce	 144.917265
86	 59	 145	 Pr	 144.914518
85	 60	 145	 Nd	 144.912579
84	 61	 145	 Pm	 144.912755
83	 62	 145	 Sm	 144.913417
82	 63	 145	 Eu	 144.916272
81	 64	 145	 Gd	 144.921710
80	 65	 145	 Tb	 144.928729
79	 66	 145	 Dy	 144.937473
78	 67	 145	 Ho	 144.947267
77	 68	 145	 Er	 144.957874
76	 69	 145	 Tm	 144.970389
92	 54	 146	 Xe	 145.948518
91	 55	 146	 Cs	 145.940621
90	 56	 146	 Ba	 145.930276
89	 57	 146	 La	 145.925871
88	 58	 146	 Ce	 145.918802
87	 59	 146	 Pr	 145.917679
86	 60	 146	 Nd	 145.913122
85	 61	 146	 Pm	 145.914702
84	 62	 146	 Sm	 145.913046
83	 63	 146	 Eu	 145.917210
82	 64	 146	 Gd	 145.918318
81	 65	 146	 Tb	 145.927252
80	 66	 146	 Dy	 145.932844
79	 67	 146	 Ho	 145.944993
78	 68	 146	 Er	 145.952418
77	 69	 146	 Tm	 145.966661
93	 54	 147	 Xe	 146.954525
92	 55	 147	 Cs	 146.944261
91	 56	 147	 Ba	 146.935303
90	 57	 147	 La	 146.928417
89	 58	 147	 Ce	 146.922689
88	 59	 147	 Pr	 146.919007
87	 60	 147	 Nd	 146.916106
86	 61	 147	 Pm	 146.915144
85	 62	 147	 Sm	 146.914904
84	 63	 147	 Eu	 146.916752
83	 64	 147	 Gd	 146.919100
82	 65	 147	 Tb	 146.924054
81	 66	 147	 Dy	 146.931082
80	 67	 147	 Ho	 146.940142
79	 68	 147	 Er	 146.949964
78	 69	 147	 Tm	 146.961379
94	 54	 148	 Xe	 147.958561
93	 55	 148	 Cs	 147.949639
92	 56	 148	 Ba	 147.938170
91	 57	 148	 La	 147.932679
90	 58	 148	 Ce	 147.924424
89	 59	 148	 Pr	 147.922130
88	 60	 148	 Nd	 147.916899
87	 61	 148	 Pm	 147.917481
86	 62	 148	 Sm	 147.914829
85	 63	 148	 Eu	 147.918089
84	 64	 148	 Gd	 147.918121
83	 65	 148	 Tb	 147.924275
82	 66	 148	 Dy	 147.927149
81	 67	 148	 Ho	 147.937743
80	 68	 148	 Er	 147.944735
79	 69	 148	 Tm	 147.958384
78	 70	 148	 Yb	 147.967439
94	 55	 149	 Cs	 148.953569
93	 56	 149	 Ba	 148.942973
92	 57	 149	 La	 148.935351
91	 58	 149	 Ce	 148.928426
90	 59	 149	 Pr	 148.923736
89	 60	 149	 Nd	 148.920154
88	 61	 149	 Pm	 148.918341
87	 62	 149	 Sm	 148.917191
86	 63	 149	 Eu	 148.917937
85	 64	 149	 Gd	 148.919347
84	 65	 149	 Tb	 148.923253
83	 66	 149	 Dy	 148.927325
82	 67	 149	 Ho	 148.933819
81	 68	 149	 Er	 148.942306
80	 69	 149	 Tm	 148.952890
79	 70	 149	 Yb	 148.964360
95	 55	 150	 Cs	 149.959023
94	 56	 150	 Ba	 149.946430
93	 57	 150	 La	 149.939742
92	 58	 150	 Ce	 149.930384
91	 59	 150	 Pr	 149.926676
90	 60	 150	 Nd	 149.920901
89	 61	 150	 Pm	 149.920990
88	 62	 150	 Sm	 149.917282
87	 63	 150	 Eu	 149.919707
86	 64	 150	 Gd	 149.918664
85	 65	 150	 Tb	 149.923664
84	 66	 150	 Dy	 149.925593
83	 67	 150	 Ho	 149.933498
82	 68	 150	 Er	 149.937915
81	 69	 150	 Tm	 149.950090
80	 70	 150	 Yb	 149.958520
79	 71	 150	 Lu	 149.973548
96	 55	 151	 Cs	 150.963253
95	 56	 151	 Ba	 150.951755
94	 57	 151	 La	 150.942769
93	 58	 151	 Ce	 150.934272
92	 59	 151	 Pr	 150.928309
91	 60	 151	 Nd	 150.923839
90	 61	 151	 Pm	 150.921216
89	 62	 151	 Sm	 150.919939
88	 63	 151	 Eu	 150.919856
87	 64	 151	 Gd	 150.920355
86	 65	 151	 Tb	 150.923109
85	 66	 151	 Dy	 150.926191
84	 67	 151	 Ho	 150.931698
83	 68	 151	 Er	 150.937448
82	 69	 151	 Tm	 150.945493
81	 70	 151	 Yb	 150.955402
80	 71	 151	 Lu	 150.967677
97	 55	 152	 Cs	 151.968942
96	 56	 152	 Ba	 151.955222
95	 57	 152	 La	 151.947085
94	 58	 152	 Ce	 151.936682
93	 59	 152	 Pr	 151.931552
92	 60	 152	 Nd	 151.924691
91	 61	 152	 Pm	 151.923505
90	 62	 152	 Sm	 151.919739
89	 63	 152	 Eu	 151.921751
88	 64	 152	 Gd	 151.919798
87	 65	 152	 Tb	 151.924082
86	 66	 152	 Dy	 151.924725
85	 67	 152	 Ho	 151.931717
84	 68	 152	 Er	 151.935050
83	 69	 152	 Tm	 151.944476
82	 70	 152	 Yb	 151.950326
81	 71	 152	 Lu	 151.964120
97	 56	 153	 Ba	 152.960848
96	 57	 153	 La	 152.950553
95	 58	 153	 Ce	 152.941052
94	 59	 153	 Pr	 152.933903
93	 60	 153	 Nd	 152.927717
92	 61	 153	 Pm	 152.924156
91	 62	 153	 Sm	 152.922103
90	 63	 153	 Eu	 152.921237
89	 64	 153	 Gd	 152.921757
88	 65	 153	 Tb	 152.923441
87	 66	 153	 Dy	 152.925771
86	 67	 153	 Ho	 152.930206
85	 68	 153	 Er	 152.935084
84	 69	 153	 Tm	 152.942057
83	 70	 153	 Yb	 152.949320
82	 71	 153	 Lu	 152.958805
81	 72	 153	 Hf	 152.970692
98	 56	 154	 Ba	 153.964766
97	 57	 154	 La	 153.955416
96	 58	 154	 Ce	 153.943940
95	 59	 154	 Pr	 153.937621
94	 60	 154	 Nd	 153.929333
93	 61	 154	 Pm	 153.926449
92	 62	 154	 Sm	 153.922216
91	 63	 154	 Eu	 153.922985
90	 64	 154	 Gd	 153.920873
89	 65	 154	 Tb	 153.924684
88	 66	 154	 Dy	 153.924429
87	 67	 154	 Ho	 153.930606
86	 68	 154	 Er	 153.932790
85	 69	 154	 Tm	 153.941570
84	 70	 154	 Yb	 153.946395
83	 71	 154	 Lu	 153.957364
82	 72	 154	 Hf	 153.964927
98	 57	 155	 La	 154.959280
97	 58	 155	 Ce	 154.948706
96	 59	 155	 Pr	 154.940509
95	 60	 155	 Nd	 154.933135
94	 61	 155	 Pm	 154.928137
93	 62	 155	 Sm	 154.924647
92	 63	 155	 Eu	 154.922900
91	 64	 155	 Gd	 154.922629
90	 65	 155	 Tb	 154.923509
89	 66	 155	 Dy	 154.925758
88	 67	 155	 Ho	 154.929103
87	 68	 155	 Er	 154.933215
86	 69	 155	 Tm	 154.939209
85	 70	 155	 Yb	 154.945783
84	 71	 155	 Lu	 154.954326
83	 72	 155	 Hf	 154.963317
82	 73	 155	 Ta	 154.974312
99	 57	 156	 La	 155.964519
98	 58	 156	 Ce	 155.951884
97	 59	 156	 Pr	 155.944640
96	 60	 156	 Nd	 155.935078
95	 61	 156	 Pm	 155.931117
94	 62	 156	 Sm	 155.925538
93	 63	 156	 Eu	 155.924763
92	 64	 156	 Gd	 155.922130
91	 65	 156	 Tb	 155.924754
90	 66	 156	 Dy	 155.924284
89	 67	 156	 Ho	 155.929705
88	 68	 156	 Er	 155.931065
87	 69	 156	 Tm	 155.938985
86	 70	 156	 Yb	 155.942816
85	 71	 156	 Lu	 155.953086
84	 72	 156	 Hf	 155.959401
83	 73	 156	 Ta	 155.972237
99	 58	 157	 Ce	 156.957133
98	 59	 157	 Pr	 156.947890
97	 60	 157	 Nd	 156.939386
96	 61	 157	 Pm	 156.933121
95	 62	 157	 Sm	 156.928418
94	 63	 157	 Eu	 156.925432
93	 64	 157	 Gd	 156.923967
92	 65	 157	 Tb	 156.924032
91	 66	 157	 Dy	 156.925469
90	 67	 157	 Ho	 156.928251
89	 68	 157	 Er	 156.931922
88	 69	 157	 Tm	 156.936973
87	 70	 157	 Yb	 156.942649
86	 71	 157	 Lu	 156.950144
85	 72	 157	 Hf	 156.958236
84	 73	 157	 Ta	 156.968230
83	 74	 157	 W	 156.979098
100	 58	 158	 Ce	 157.960644
99	 59	 158	 Pr	 157.952410
98	 60	 158	 Nd	 157.941970
97	 61	 158	 Pm	 157.936565
96	 62	 158	 Sm	 157.929950
95	 63	 158	 Eu	 157.927798
94	 64	 158	 Gd	 157.924111
93	 65	 158	 Tb	 157.925420
92	 66	 158	 Dy	 157.924414
91	 67	 158	 Ho	 157.928944
90	 68	 158	 Er	 157.929893
89	 69	 158	 Tm	 157.936979
88	 70	 158	 Yb	 157.939870
87	 71	 158	 Lu	 157.949315
86	 72	 158	 Hf	 157.954801
85	 73	 158	 Ta	 157.966541
84	 74	 158	 W	 157.974629
100	 59	 159	 Pr	 158.955890
99	 60	 159	 Nd	 158.946530
98	 61	 159	 Pm	 158.939286
97	 62	 159	 Sm	 158.933217
96	 63	 159	 Eu	 158.929099
95	 64	 159	 Gd	 158.926396
94	 65	 159	 Tb	 158.925353
93	 66	 159	 Dy	 158.925746
92	 67	 159	 Ho	 158.927718
91	 68	 159	 Er	 158.930690
90	 69	 159	 Tm	 158.934975
89	 70	 159	 Yb	 158.940054
88	 71	 159	 Lu	 158.946635
87	 72	 159	 Hf	 158.953995
86	 73	 159	 Ta	 158.963028
85	 74	 159	 W	 158.972845
84	 75	 159	 Re	 158.984171
101	 59	 160	 Pr	 159.960794
100	 60	 160	 Nd	 159.949400
99	 61	 160	 Pm	 159.943100
98	 62	 160	 Sm	 159.935335
97	 63	 160	 Eu	 159.931850
96	 64	 160	 Gd	 159.927061
95	 65	 160	 Tb	 159.927174
94	 66	 160	 Dy	 159.925203
93	 67	 160	 Ho	 159.928735
92	 68	 160	 Er	 159.929077
91	 69	 160	 Tm	 159.935263
90	 70	 160	 Yb	 159.937559
89	 71	 160	 Lu	 159.946033
88	 72	 160	 Hf	 159.950682
87	 73	 160	 Ta	 159.961541
86	 74	 160	 W	 159.968516
85	 75	 160	 Re	 159.982030
101	 60	 161	 Nd	 160.954280
100	 61	 161	 Pm	 160.946070
99	 62	 161	 Sm	 160.939160
98	 63	 161	 Eu	 160.933664
97	 64	 161	 Gd	 160.929676
96	 65	 161	 Tb	 160.927577
95	 66	 161	 Dy	 160.926939
94	 67	 161	 Ho	 160.927860
93	 68	 161	 Er	 160.930003
92	 69	 161	 Tm	 160.933549
91	 70	 161	 Yb	 160.937906
90	 71	 161	 Lu	 160.943572
89	 72	 161	 Hf	 160.950279
88	 73	 161	 Ta	 160.958369
87	 74	 161	 W	 160.967197
86	 75	 161	 Re	 160.977627
85	 76	 161	 Os	 160.989287
102	 60	 162	 Nd	 161.957541
101	 61	 162	 Pm	 161.950220
100	 62	 162	 Sm	 161.941460
99	 63	 162	 Eu	 161.936979
98	 64	 162	 Gd	 161.930992
97	 65	 162	 Tb	 161.929493
96	 66	 162	 Dy	 161.926804
95	 67	 162	 Ho	 161.929101
94	 68	 162	 Er	 161.928786
93	 69	 162	 Tm	 161.934000
92	 70	 162	 Yb	 161.935773
91	 71	 162	 Lu	 161.943282
90	 72	 162	 Hf	 161.947214
89	 73	 162	 Ta	 161.957294
88	 74	 162	 W	 161.963500
87	 75	 162	 Re	 161.975844
86	 76	 162	 Os	 161.984498
102	 61	 163	 Pm	 162.953570
101	 62	 163	 Sm	 162.945550
100	 63	 163	 Eu	 162.939360
99	 64	 163	 Gd	 162.934176
98	 65	 163	 Tb	 162.930653
97	 66	 163	 Dy	 162.928736
96	 67	 163	 Ho	 162.928739
95	 68	 163	 Er	 162.930039
94	 69	 163	 Tm	 162.932657
93	 70	 163	 Yb	 162.936339
92	 71	 163	 Lu	 162.941179
91	 72	 163	 Hf	 162.947113
90	 73	 163	 Ta	 162.954337
89	 74	 163	 W	 162.962524
88	 75	 163	 Re	 162.972085
87	 76	 163	 Os	 162.982617
103	 61	 164	 Pm	 163.958271
102	 62	 164	 Sm	 163.948360
101	 63	 164	 Eu	 163.942693
100	 64	 164	 Gd	 163.935830
99	 65	 164	 Tb	 163.933356
98	 66	 164	 Dy	 163.929180
97	 67	 164	 Ho	 163.930239
96	 68	 164	 Er	 163.929207
95	 69	 164	 Tm	 163.933543
94	 70	 164	 Yb	 163.934495
93	 71	 164	 Lu	 163.941339
92	 72	 164	 Hf	 163.944370
91	 73	 164	 Ta	 163.953534
90	 74	 164	 W	 163.958952
89	 75	 164	 Re	 163.970507
88	 76	 164	 Os	 163.978075
87	 77	 164	 Ir	 163.992116
103	 62	 165	 Sm	 164.952970
102	 63	 165	 Eu	 164.945546
101	 64	 165	 Gd	 164.939395
100	 65	 165	 Tb	 164.934980
99	 66	 165	 Dy	 164.931709
98	 67	 165	 Ho	 164.930328
97	 68	 165	 Er	 164.930733
96	 69	 165	 Tm	 164.932442
95	 70	 165	 Yb	 164.935270
94	 71	 165	 Lu	 164.939406
93	 72	 165	 Hf	 164.944567
92	 73	 165	 Ta	 164.950780
91	 74	 165	 W	 164.958280
90	 75	 165	 Re	 164.967085
89	 76	 165	 Os	 164.976602
88	 77	 165	 Ir	 164.987555
104	 62	 166	 Sm	 165.956275
103	 63	 166	 Eu	 165.949320
102	 64	 166	 Gd	 165.941460
101	 65	 166	 Tb	 165.937858
100	 66	 166	 Dy	 165.932812
99	 67	 166	 Ho	 165.932290
98	 68	 166	 Er	 165.930299
97	 69	 166	 Tm	 165.933560
96	 70	 166	 Yb	 165.933874
95	 71	 166	 Lu	 165.939859
94	 72	 166	 Hf	 165.942180
93	 73	 166	 Ta	 165.950512
92	 74	 166	 W	 165.955031
91	 75	 166	 Re	 165.965760
90	 76	 166	 Os	 165.972698
89	 77	 166	 Ir	 165.985664
88	 78	 166	 Pt	 165.994923
104	 63	 167	 Eu	 166.952753
103	 64	 167	 Gd	 166.945450
102	 65	 167	 Tb	 166.939960
101	 66	 167	 Dy	 166.935661
100	 67	 167	 Ho	 166.933138
99	 68	 167	 Er	 166.932054
98	 69	 167	 Tm	 166.932856
97	 70	 167	 Yb	 166.934953
96	 71	 167	 Lu	 166.938270
95	 72	 167	 Hf	 166.942600
94	 73	 167	 Ta	 166.948093
93	 74	 167	 W	 166.954805
92	 75	 167	 Re	 166.962607
91	 76	 167	 Os	 166.971548
90	 77	 167	 Ir	 166.981671
89	 78	 167	 Pt	 166.992901
105	 63	 168	 Eu	 167.957337
104	 64	 168	 Gd	 167.948080
103	 65	 168	 Tb	 167.943400
102	 66	 168	 Dy	 167.937133
101	 67	 168	 Ho	 167.935521
100	 68	 168	 Er	 167.932376
99	 69	 168	 Tm	 167.934177
98	 70	 168	 Yb	 167.933889
97	 71	 168	 Lu	 167.938735
96	 72	 168	 Hf	 167.940568
95	 73	 168	 Ta	 167.948047
94	 74	 168	 W	 167.951805
93	 75	 168	 Re	 167.961572
92	 76	 168	 Os	 167.967798
91	 77	 168	 Ir	 167.979960
90	 78	 168	 Pt	 167.988183
105	 64	 169	 Gd	 168.952600
104	 65	 169	 Tb	 168.945970
103	 66	 169	 Dy	 168.940313
102	 67	 169	 Ho	 168.936878
101	 68	 169	 Er	 168.934596
100	 69	 169	 Tm	 168.934218
99	 70	 169	 Yb	 168.935182
98	 71	 169	 Lu	 168.937643
97	 72	 169	 Hf	 168.941259
96	 73	 169	 Ta	 168.946011
95	 74	 169	 W	 168.951778
94	 75	 169	 Re	 168.958765
93	 76	 169	 Os	 168.967017
92	 77	 169	 Ir	 168.976281
91	 78	 169	 Pt	 168.986567
90	 79	 169	 Au	 168.998080
106	 64	 170	 Gd	 169.955577
105	 65	 170	 Tb	 169.949840
104	 66	 170	 Dy	 169.942390
103	 67	 170	 Ho	 169.939625
102	 68	 170	 Er	 169.935470
101	 69	 170	 Tm	 169.935806
100	 70	 170	 Yb	 169.934767
99	 71	 170	 Lu	 169.938479
98	 72	 170	 Hf	 169.939609
97	 73	 170	 Ta	 169.946175
96	 74	 170	 W	 169.949231
95	 75	 170	 Re	 169.958224
94	 76	 170	 Os	 169.963578
93	 77	 170	 Ir	 169.974922
92	 78	 170	 Pt	 169.982502
91	 79	 170	 Au	 169.995972
106	 65	 171	 Tb	 170.952730
105	 66	 171	 Dy	 170.946120
104	 67	 171	 Ho	 170.941471
103	 68	 171	 Er	 170.938036
102	 69	 171	 Tm	 170.936435
101	 70	 171	 Yb	 170.936331
100	 71	 171	 Lu	 170.937918
99	 72	 171	 Hf	 170.940492
98	 73	 171	 Ta	 170.944476
97	 74	 171	 W	 170.949451
96	 75	 171	 Re	 170.955716
95	 76	 171	 Os	 170.963175
94	 77	 171	 Ir	 170.971645
93	 78	 171	 Pt	 170.981245
92	 79	 171	 Au	 170.991881
91	 80	 171	 Hg	 171.003736
107	 65	 172	 Tb	 171.957219
106	 66	 172	 Dy	 171.948460
105	 67	 172	 Ho	 171.944730
104	 68	 172	 Er	 171.939362
103	 69	 172	 Tm	 171.938406
102	 70	 172	 Yb	 171.936386
101	 71	 172	 Lu	 171.939091
100	 72	 172	 Hf	 171.939449
99	 73	 172	 Ta	 171.944895
98	 74	 172	 W	 171.947292
97	 75	 172	 Re	 171.955408
96	 76	 172	 Os	 171.960017
95	 77	 172	 Ir	 171.970607
94	 78	 172	 Pt	 171.977340
93	 79	 172	 Au	 171.989996
92	 80	 172	 Hg	 171.998863
107	 66	 173	 Dy	 172.952830
106	 67	 173	 Ho	 172.947020
105	 68	 173	 Er	 172.942400
104	 69	 173	 Tm	 172.939606
103	 70	 173	 Yb	 172.938216
102	 71	 173	 Lu	 172.938935
101	 72	 173	 Hf	 172.940513
100	 73	 173	 Ta	 172.943750
99	 74	 173	 W	 172.947689
98	 75	 173	 Re	 172.953243
97	 76	 173	 Os	 172.959808
96	 77	 173	 Ir	 172.967505
95	 78	 173	 Pt	 172.976443
94	 79	 173	 Au	 172.986223
93	 80	 173	 Hg	 172.997091
108	 66	 174	 Dy	 173.955587
107	 67	 174	 Ho	 173.950950
106	 68	 174	 Er	 173.944230
105	 69	 174	 Tm	 173.942174
104	 70	 174	 Yb	 173.938867
103	 71	 174	 Lu	 173.940342
102	 72	 174	 Hf	 173.940048
101	 73	 174	 Ta	 173.944454
100	 74	 174	 W	 173.946079
99	 75	 174	 Re	 173.953115
98	 76	 174	 Os	 173.957063
97	 77	 174	 Ir	 173.966866
96	 78	 174	 Pt	 173.972819
95	 79	 174	 Au	 173.984718
94	 80	 174	 Hg	 173.992870
108	 67	 175	 Ho	 174.953620
107	 68	 175	 Er	 174.947770
106	 69	 175	 Tm	 174.943842
105	 70	 175	 Yb	 174.941281
104	 71	 175	 Lu	 174.940777
103	 72	 175	 Hf	 174.941511
102	 73	 175	 Ta	 174.943737
101	 74	 175	 W	 174.946717
100	 75	 175	 Re	 174.951381
99	 76	 175	 Os	 174.956945
98	 77	 175	 Ir	 174.964149
97	 78	 175	 Pt	 174.972395
96	 79	 175	 Au	 174.981316
95	 80	 175	 Hg	 174.991441
109	 67	 176	 Ho	 175.957820
108	 68	 176	 Er	 175.949940
107	 69	 176	 Tm	 175.946997
106	 70	 176	 Yb	 175.942574
105	 71	 176	 Lu	 175.942691
104	 72	 176	 Hf	 175.941409
103	 73	 176	 Ta	 175.944857
102	 74	 176	 W	 175.945634
101	 75	 176	 Re	 175.951623
100	 76	 176	 Os	 175.954806
99	 77	 176	 Ir	 175.963630
98	 78	 176	 Pt	 175.968938
97	 79	 176	 Au	 175.980116
96	 80	 176	 Hg	 175.987348
95	 81	 176	 Tl	 176.000624
109	 68	 177	 Er	 176.953990
108	 69	 177	 Tm	 176.949040
107	 70	 177	 Yb	 176.945263
106	 71	 177	 Lu	 176.943763
105	 72	 177	 Hf	 176.943230
104	 73	 177	 Ta	 176.944482
103	 74	 177	 W	 176.946643
102	 75	 177	 Re	 176.950328
101	 76	 177	 Os	 176.954957
100	 77	 177	 Ir	 176.961301
99	 78	 177	 Pt	 176.968469
98	 79	 177	 Au	 176.976870
97	 80	 177	 Hg	 176.986277
96	 81	 177	 Tl	 176.996413
110	 68	 178	 Er	 177.956779
109	 69	 178	 Tm	 177.952640
108	 70	 178	 Yb	 177.946649
107	 71	 178	 Lu	 177.945960
106	 72	 178	 Hf	 177.943708
105	 73	 178	 Ta	 177.945681
104	 74	 178	 W	 177.945885
103	 75	 178	 Re	 177.950989
102	 76	 178	 Os	 177.953253
101	 77	 178	 Ir	 177.961082
100	 78	 178	 Pt	 177.965649
99	 79	 178	 Au	 177.976055
98	 80	 178	 Hg	 177.982484
97	 81	 178	 Tl	 177.994857
96	 82	 178	 Pb	 178.003837
110	 69	 179	 Tm	 178.955340
109	 70	 179	 Yb	 178.950040
108	 71	 179	 Lu	 178.947333
107	 72	 179	 Hf	 178.945825
106	 73	 179	 Ta	 178.945939
105	 74	 179	 W	 178.947079
104	 75	 179	 Re	 178.949989
103	 76	 179	 Os	 178.953816
102	 77	 179	 Ir	 178.959117
101	 78	 179	 Pt	 178.965358
100	 79	 179	 Au	 178.973173
99	 80	 179	 Hg	 178.981826
98	 81	 179	 Tl	 178.991123
97	 82	 179	 Pb	 179.002201
111	 69	 180	 Tm	 179.959291
110	 70	 180	 Yb	 179.952120
109	 71	 180	 Lu	 179.949890
108	 72	 180	 Hf	 179.946559
107	 73	 180	 Ta	 179.947468
106	 74	 180	 W	 179.946713
105	 75	 180	 Re	 179.950791
104	 76	 180	 Os	 179.952379
103	 77	 180	 Ir	 179.959229
102	 78	 180	 Pt	 179.963031
101	 79	 180	 Au	 179.972489
100	 80	 180	 Hg	 179.978260
99	 81	 180	 Tl	 179.989923
98	 82	 180	 Pb	 179.997915
112	 69	 181	 Tm	 180.962243
111	 70	 181	 Yb	 180.955890
110	 71	 181	 Lu	 180.951908
109	 72	 181	 Hf	 180.949110
108	 73	 181	 Ta	 180.947999
107	 74	 181	 W	 180.948218
106	 75	 181	 Re	 180.950061
105	 76	 181	 Os	 180.953247
104	 77	 181	 Ir	 180.957634
103	 78	 181	 Pt	 180.963089
102	 79	 181	 Au	 180.970079
101	 80	 181	 Hg	 180.977819
100	 81	 181	 Tl	 180.986259
99	 82	 181	 Pb	 180.996653
112	 70	 182	 Yb	 181.958325
111	 71	 182	 Lu	 181.955040
110	 72	 182	 Hf	 181.950563
109	 73	 182	 Ta	 181.950155
108	 74	 182	 W	 181.948205
107	 75	 182	 Re	 181.951211
106	 76	 182	 Os	 181.952110
105	 77	 182	 Ir	 181.958076
104	 78	 182	 Pt	 181.961171
103	 79	 182	 Au	 181.969617
102	 80	 182	 Hg	 181.974689
101	 81	 182	 Tl	 181.985691
100	 82	 182	 Pb	 181.992672
113	 70	 183	 Yb	 182.962319
112	 71	 183	 Lu	 182.957363
111	 72	 183	 Hf	 182.953534
110	 73	 183	 Ta	 182.951376
109	 74	 183	 W	 182.950224
108	 75	 183	 Re	 182.950821
107	 76	 183	 Os	 182.953124
106	 77	 183	 Ir	 182.956839
105	 78	 183	 Pt	 182.961596
104	 79	 183	 Au	 182.967588
103	 80	 183	 Hg	 182.974444
102	 81	 183	 Tl	 182.982192
101	 82	 183	 Pb	 182.991867
114	 70	 184	 Yb	 183.965067
113	 71	 184	 Lu	 183.960910
112	 72	 184	 Hf	 183.955448
111	 73	 184	 Ta	 183.954010
110	 74	 184	 W	 183.950933
109	 75	 184	 Re	 183.952528
108	 76	 184	 Os	 183.952492
107	 77	 184	 Ir	 183.957476
106	 78	 184	 Pt	 183.959920
105	 79	 184	 Au	 183.967451
104	 80	 184	 Hg	 183.971713
103	 81	 184	 Tl	 183.981875
102	 82	 184	 Pb	 183.988135
101	 83	 184	 Bi	 184.001141
115	 70	 185	 Yb	 184.969404
114	 71	 185	 Lu	 184.963620
113	 72	 185	 Hf	 184.958862
112	 73	 185	 Ta	 184.955561
111	 74	 185	 W	 184.953421
110	 75	 185	 Re	 184.952958
109	 76	 185	 Os	 184.954045
108	 77	 185	 Ir	 184.956698
107	 78	 185	 Pt	 184.960613
106	 79	 185	 Au	 184.965798
105	 80	 185	 Hg	 184.971890
104	 81	 185	 Tl	 184.978789
103	 82	 185	 Pb	 184.987609
102	 83	 185	 Bi	 184.997600
115	 71	 186	 Lu	 185.967568
114	 72	 186	 Hf	 185.960897
113	 73	 186	 Ta	 185.958553
112	 74	 186	 W	 185.954365
111	 75	 186	 Re	 185.954989
110	 76	 186	 Os	 185.953837
109	 77	 186	 Ir	 185.957946
108	 78	 186	 Pt	 185.959350
107	 79	 186	 Au	 185.965952
106	 80	 186	 Hg	 185.969362
105	 81	 186	 Tl	 185.978650
104	 82	 186	 Pb	 185.984238
103	 83	 186	 Bi	 185.996622
102	 84	 186	 Po	 186.004402
116	 71	 187	 Lu	 186.970392
115	 72	 187	 Hf	 186.964770
114	 73	 187	 Ta	 186.960391
113	 74	 187	 W	 186.957161
112	 75	 187	 Re	 186.955752
111	 76	 187	 Os	 186.955749
110	 77	 187	 Ir	 186.957542
109	 78	 187	 Pt	 186.960616
108	 79	 187	 Au	 186.964543
107	 80	 187	 Hg	 186.969814
106	 81	 187	 Tl	 186.975904
105	 82	 187	 Pb	 186.983910
104	 83	 187	 Bi	 186.993147
103	 84	 187	 Po	 187.003036
117	 71	 188	 Lu	 187.974460
116	 72	 188	 Hf	 187.966850
115	 73	 188	 Ta	 187.963916
114	 74	 188	 W	 187.958488
113	 75	 188	 Re	 187.958113
112	 76	 188	 Os	 187.955837
111	 77	 188	 Ir	 187.958835
110	 78	 188	 Pt	 187.959397
109	 79	 188	 Au	 187.965247
108	 80	 188	 Hg	 187.967576
107	 81	 188	 Tl	 187.976020
106	 82	 188	 Pb	 187.980874
105	 83	 188	 Bi	 187.992276
104	 84	 188	 Po	 187.999415
117	 72	 189	 Hf	 188.970840
116	 73	 189	 Ta	 188.965830
115	 74	 189	 W	 188.961763
114	 75	 189	 Re	 188.959227
113	 76	 189	 Os	 188.958146
112	 77	 189	 Ir	 188.958722
111	 78	 189	 Pt	 188.960848
110	 79	 189	 Au	 188.963948
109	 80	 189	 Hg	 188.968194
108	 81	 189	 Tl	 188.973573
107	 82	 189	 Pb	 188.980843
106	 83	 189	 Bi	 188.989195
105	 84	 189	 Po	 188.998473
118	 72	 190	 Hf	 189.973129
117	 73	 190	 Ta	 189.969390
116	 74	 190	 W	 189.963089
115	 75	 190	 Re	 189.961743
114	 76	 190	 Os	 189.958445
113	 77	 190	 Ir	 189.960543
112	 78	 190	 Pt	 189.959949
111	 79	 190	 Au	 189.964751
110	 80	 190	 Hg	 189.966322
109	 81	 190	 Tl	 189.973835
108	 82	 190	 Pb	 189.978081
107	 83	 190	 Bi	 189.988620
106	 84	 190	 Po	 189.995100
118	 73	 191	 Ta	 190.971560
117	 74	 191	 W	 190.966531
116	 75	 191	 Re	 190.963123
115	 76	 191	 Os	 190.960928
114	 77	 191	 Ir	 190.960591
113	 78	 191	 Pt	 190.961676
112	 79	 191	 Au	 190.963716
111	 80	 191	 Hg	 190.967158
110	 81	 191	 Tl	 190.971784
109	 82	 191	 Pb	 190.978281
108	 83	 191	 Bi	 190.985786
107	 84	 191	 Po	 190.994558
106	 85	 191	 At	 191.004148
119	 73	 192	 Ta	 191.975240
118	 74	 192	 W	 191.968170
117	 75	 192	 Re	 191.966088
116	 76	 192	 Os	 191.961478
115	 77	 192	 Ir	 191.962602
114	 78	 192	 Pt	 191.961042
113	 79	 192	 Au	 191.964817
112	 80	 192	 Hg	 191.965634
111	 81	 192	 Tl	 191.972225
110	 82	 192	 Pb	 191.975785
109	 83	 192	 Bi	 191.985470
108	 84	 192	 Po	 191.991335
107	 85	 192	 At	 192.003141
120	 73	 193	 Ta	 192.977595
119	 74	 193	 W	 192.971780
118	 75	 193	 Re	 192.967545
117	 76	 193	 Os	 192.964149
116	 77	 193	 Ir	 192.962923
115	 78	 193	 Pt	 192.962984
114	 79	 193	 Au	 192.964138
113	 80	 193	 Hg	 192.966653
112	 81	 193	 Tl	 192.970501
111	 82	 193	 Pb	 192.976173
110	 83	 193	 Bi	 192.982947
109	 84	 193	 Po	 192.991062
108	 85	 193	 At	 192.999927
107	 86	 193	 Rn	 193.009707
121	 73	 194	 Ta	 193.981428
120	 74	 194	 W	 193.973670
119	 75	 194	 Re	 193.970760
118	 76	 194	 Os	 193.965179
117	 77	 194	 Ir	 193.965075
116	 78	 194	 Pt	 193.962683
115	 79	 194	 Au	 193.965419
114	 80	 194	 Hg	 193.965449
113	 81	 194	 Tl	 193.971081
112	 82	 194	 Pb	 193.974011
111	 83	 194	 Bi	 193.982792
110	 84	 194	 Po	 193.988186
109	 85	 194	 At	 193.999226
108	 86	 194	 Rn	 194.006144
121	 74	 195	 W	 194.977445
120	 75	 195	 Re	 194.972540
119	 76	 195	 Os	 194.968318
118	 77	 195	 Ir	 194.965976
117	 78	 195	 Pt	 194.964794
116	 79	 195	 Au	 194.965037
115	 80	 195	 Hg	 194.966705
114	 81	 195	 Tl	 194.969774
113	 82	 195	 Pb	 194.974548
112	 83	 195	 Bi	 194.980648
111	 84	 195	 Po	 194.988130
110	 85	 195	 At	 194.996274
109	 86	 195	 Rn	 195.005421
122	 74	 196	 W	 195.979731
121	 75	 196	 Re	 195.975800
120	 76	 196	 Os	 195.969643
119	 77	 196	 Ir	 195.968399
118	 78	 196	 Pt	 195.964954
117	 79	 196	 Au	 195.966571
116	 80	 196	 Hg	 195.965833
115	 81	 196	 Tl	 195.970481
114	 82	 196	 Pb	 195.972787
113	 83	 196	 Bi	 195.980666
112	 84	 196	 Po	 195.985536
111	 85	 196	 At	 195.995797
110	 86	 196	 Rn	 196.002115
123	 74	 197	 W	 196.983747
122	 75	 197	 Re	 196.977990
121	 76	 197	 Os	 196.972830
120	 77	 197	 Ir	 196.969657
119	 78	 197	 Pt	 196.967343
118	 79	 197	 Au	 196.966570
117	 80	 197	 Hg	 196.967213
116	 81	 197	 Tl	 196.969573
115	 82	 197	 Pb	 196.973434
114	 83	 197	 Bi	 196.978864
113	 84	 197	 Po	 196.985659
112	 85	 197	 At	 196.993177
111	 86	 197	 Rn	 197.001621
110	 87	 197	 Fr	 197.011008
123	 75	 198	 Re	 197.981600
122	 76	 198	 Os	 197.974410
121	 77	 198	 Ir	 197.972280
120	 78	 198	 Pt	 197.967896
119	 79	 198	 Au	 197.968243
118	 80	 198	 Hg	 197.966769
117	 81	 198	 Tl	 197.970446
116	 82	 198	 Pb	 197.972015
115	 83	 198	 Bi	 197.979206
114	 84	 198	 Po	 197.983388
113	 85	 198	 At	 197.992791
112	 86	 198	 Rn	 197.998679
111	 87	 198	 Fr	 198.010278
124	 75	 199	 Re	 198.984047
123	 76	 199	 Os	 198.978010
122	 77	 199	 Ir	 198.973807
121	 78	 199	 Pt	 198.970597
120	 79	 199	 Au	 198.968766
119	 80	 199	 Hg	 198.968280
118	 81	 199	 Tl	 198.969877
117	 82	 199	 Pb	 198.972912
116	 83	 199	 Bi	 198.977672
115	 84	 199	 Po	 198.983673
114	 85	 199	 At	 198.990527
113	 86	 199	 Rn	 198.998390
112	 87	 199	 Fr	 199.007269
124	 76	 200	 Os	 199.979840
123	 77	 200	 Ir	 199.976800
122	 78	 200	 Pt	 199.971444
121	 79	 200	 Au	 199.970756
120	 80	 200	 Hg	 199.968326
119	 81	 200	 Tl	 199.970963
118	 82	 200	 Pb	 199.971818
117	 83	 200	 Bi	 199.978131
116	 84	 200	 Po	 199.981812
115	 85	 200	 At	 199.990351
114	 86	 200	 Rn	 199.995700
113	 87	 200	 Fr	 200.006583
125	 76	 201	 Os	 200.983640
124	 77	 201	 Ir	 200.978640
123	 78	 201	 Pt	 200.974513
122	 79	 201	 Au	 200.971657
121	 80	 201	 Hg	 200.970303
120	 81	 201	 Tl	 200.970820
119	 82	 201	 Pb	 200.972870
118	 83	 201	 Bi	 200.977008
117	 84	 201	 Po	 200.982263
116	 85	 201	 At	 200.988417
115	 86	 201	 Rn	 200.995628
114	 87	 201	 Fr	 201.003852
113	 88	 201	 Ra	 201.012814
126	 76	 202	 Os	 201.985950
125	 77	 202	 Ir	 201.981990
124	 78	 202	 Pt	 201.975639
123	 79	 202	 Au	 201.973856
122	 80	 202	 Hg	 201.970643
121	 81	 202	 Tl	 201.972109
120	 82	 202	 Pb	 201.972151
119	 83	 202	 Bi	 201.977733
118	 84	 202	 Po	 201.980738
117	 85	 202	 At	 201.988630
116	 86	 202	 Rn	 201.993263
115	 87	 202	 Fr	 202.003323
114	 88	 202	 Ra	 202.009742
127	 76	 203	 Os	 202.991798
126	 77	 203	 Ir	 202.984230
125	 78	 203	 Pt	 202.978930
124	 79	 203	 Au	 202.975154
123	 80	 203	 Hg	 202.972872
122	 81	 203	 Tl	 202.972344
121	 82	 203	 Pb	 202.973390
120	 83	 203	 Bi	 202.976892
119	 84	 203	 Po	 202.981415
118	 85	 203	 At	 202.986942
117	 86	 203	 Rn	 202.993393
116	 87	 203	 Fr	 203.000940
115	 88	 203	 Ra	 203.009298
127	 77	 204	 Ir	 203.989600
126	 78	 204	 Pt	 203.980760
125	 79	 204	 Au	 203.977831
124	 80	 204	 Hg	 203.973494
123	 81	 204	 Tl	 203.973863
122	 82	 204	 Pb	 203.973043
121	 83	 204	 Bi	 203.977835
120	 84	 204	 Po	 203.980309
119	 85	 204	 At	 203.987251
118	 86	 204	 Rn	 203.991443
117	 87	 204	 Fr	 204.000651
116	 88	 204	 Ra	 204.006502
128	 77	 205	 Ir	 204.993602
127	 78	 205	 Pt	 204.986080
126	 79	 205	 Au	 204.979850
125	 80	 205	 Hg	 204.976073
124	 81	 205	 Tl	 204.974427
123	 82	 205	 Pb	 204.974481
122	 83	 205	 Bi	 204.977386
121	 84	 205	 Po	 204.981190
120	 85	 205	 At	 204.986074
119	 86	 205	 Rn	 204.991723
118	 87	 205	 Fr	 204.998593
117	 88	 205	 Ra	 205.006268
116	 89	 205	 Ac	 205.015144
128	 78	 206	 Pt	 205.989660
127	 79	 206	 Au	 205.984740
126	 80	 206	 Hg	 205.977513
125	 81	 206	 Tl	 205.976110
124	 82	 206	 Pb	 205.974465
123	 83	 206	 Bi	 205.978498
122	 84	 206	 Po	 205.980473
121	 85	 206	 At	 205.986656
120	 86	 206	 Rn	 205.990195
119	 87	 206	 Fr	 205.998666
118	 88	 206	 Ra	 206.003827
117	 89	 206	 Ac	 206.014470
129	 78	 207	 Pt	 206.995126
128	 79	 207	 Au	 206.988395
127	 80	 207	 Hg	 206.982300
126	 81	 207	 Tl	 206.977418
125	 82	 207	 Pb	 206.975896
124	 83	 207	 Bi	 206.978470
123	 84	 207	 Po	 206.981593
122	 85	 207	 At	 206.985799
121	 86	 207	 Rn	 206.990730
120	 87	 207	 Fr	 206.996946
119	 88	 207	 Ra	 207.003805
118	 89	 207	 Ac	 207.011965
130	 78	 208	 Pt	 207.998937
129	 79	 208	 Au	 207.993450
128	 80	 208	 Hg	 207.985759
127	 81	 208	 Tl	 207.982017
126	 82	 208	 Pb	 207.976651
125	 83	 208	 Bi	 207.979741
124	 84	 208	 Po	 207.981245
123	 85	 208	 At	 207.986613
122	 86	 208	 Rn	 207.989634
121	 87	 208	 Fr	 207.997138
120	 88	 208	 Ra	 208.001854
119	 89	 208	 Ac	 208.011544
118	 90	 208	 Th	 208.017910
130	 79	 209	 Au	 208.997273
129	 80	 209	 Hg	 208.990720
128	 81	 209	 Tl	 208.985351
127	 82	 209	 Pb	 208.981089
126	 83	 209	 Bi	 208.980398
125	 84	 209	 Po	 208.982430
124	 85	 209	 At	 208.986169
123	 86	 209	 Rn	 208.990401
122	 87	 209	 Fr	 208.995953
121	 88	 209	 Ra	 209.001994
120	 89	 209	 Ac	 209.009494
119	 90	 209	 Th	 209.017571
131	 79	 210	 Au	 210.002500
130	 80	 210	 Hg	 209.994240
129	 81	 210	 Tl	 209.990072
128	 82	 210	 Pb	 209.984188
127	 83	 210	 Bi	 209.984120
126	 84	 210	 Po	 209.982873
125	 85	 210	 At	 209.987147
124	 86	 210	 Rn	 209.989688
123	 87	 210	 Fr	 209.996421
122	 88	 210	 Ra	 210.000475
121	 89	 210	 Ac	 210.009436
120	 90	 210	 Th	 210.015093
131	 80	 211	 Hg	 210.999330
130	 81	 211	 Tl	 210.993475
129	 82	 211	 Pb	 210.988735
128	 83	 211	 Bi	 210.987268
127	 84	 211	 Po	 210.986653
126	 85	 211	 At	 210.987496
125	 86	 211	 Rn	 210.990600
124	 87	 211	 Fr	 210.995555
123	 88	 211	 Ra	 211.000893
122	 89	 211	 Ac	 211.007731
121	 90	 211	 Th	 211.014933
120	 91	 211	 Pa	 211.023704
132	 80	 212	 Hg	 212.002960
131	 81	 212	 Tl	 211.998335
130	 82	 212	 Pb	 211.991895
129	 83	 212	 Bi	 211.991285
128	 84	 212	 Po	 211.988867
127	 85	 212	 At	 211.990737
126	 86	 212	 Rn	 211.990703
125	 87	 212	 Fr	 211.996225
124	 88	 212	 Ra	 211.999786
123	 89	 212	 Ac	 212.007812
122	 90	 212	 Th	 212.013001
121	 91	 212	 Pa	 212.023181
133	 80	 213	 Hg	 213.008230
132	 81	 213	 Tl	 213.001915
131	 82	 213	 Pb	 212.996560
130	 83	 213	 Bi	 212.994383
129	 84	 213	 Po	 212.992857
128	 85	 213	 At	 212.992936
127	 86	 213	 Rn	 212.993885
126	 87	 213	 Fr	 212.996185
125	 88	 213	 Ra	 213.000370
124	 89	 213	 Ac	 213.006607
123	 90	 213	 Th	 213.013011
122	 91	 213	 Pa	 213.021108
134	 80	 214	 Hg	 214.012000
133	 81	 214	 Tl	 214.006940
132	 82	 214	 Pb	 213.999803
131	 83	 214	 Bi	 213.998710
130	 84	 214	 Po	 213.995201
129	 85	 214	 At	 213.996371
128	 86	 214	 Rn	 213.995362
127	 87	 214	 Fr	 213.998970
126	 88	 214	 Ra	 214.000099
125	 89	 214	 Ac	 214.006917
124	 90	 214	 Th	 214.011481
123	 91	 214	 Pa	 214.020918
135	 80	 215	 Hg	 215.017400
134	 81	 215	 Tl	 215.010640
133	 82	 215	 Pb	 215.004661
132	 83	 215	 Bi	 215.001749
131	 84	 215	 Po	 214.999418
130	 85	 215	 At	 214.998651
129	 86	 215	 Rn	 214.998745
128	 87	 215	 Fr	 215.000341
127	 88	 215	 Ra	 215.002720
126	 89	 215	 Ac	 215.006474
125	 90	 215	 Th	 215.011724
124	 91	 215	 Pa	 215.019177
123	 92	 215	 U	 215.026756
136	 80	 216	 Hg	 216.021320
135	 81	 216	 Tl	 216.015800
134	 82	 216	 Pb	 216.008030
133	 83	 216	 Bi	 216.006305
132	 84	 216	 Po	 216.001913
131	 85	 216	 At	 216.002422
130	 86	 216	 Rn	 216.000271
129	 87	 216	 Fr	 216.003189
128	 88	 216	 Ra	 216.003533
127	 89	 216	 Ac	 216.008743
126	 90	 216	 Th	 216.011055
125	 91	 216	 Pa	 216.019108
124	 92	 216	 U	 216.024762
136	 81	 217	 Tl	 217.019660
135	 82	 217	 Pb	 217.013140
134	 83	 217	 Bi	 217.009372
133	 84	 217	 Po	 217.006316
132	 85	 217	 At	 217.004717
131	 86	 217	 Rn	 217.003927
130	 87	 217	 Fr	 217.004631
129	 88	 217	 Ra	 217.006322
128	 89	 217	 Ac	 217.009343
127	 90	 217	 Th	 217.013103
126	 91	 217	 Pa	 217.018323
125	 92	 217	 U	 217.024663
137	 81	 218	 Tl	 218.024885
136	 82	 218	 Pb	 218.016590
135	 83	 218	 Bi	 218.014188
134	 84	 218	 Po	 218.008971
133	 85	 218	 At	 218.008693
132	 86	 218	 Rn	 218.005601
131	 87	 218	 Fr	 218.007578
130	 88	 218	 Ra	 218.007140
129	 89	 218	 Ac	 218.011641
128	 90	 218	 Th	 218.013276
127	 91	 218	 Pa	 218.020057
126	 92	 218	 U	 218.023504
137	 82	 219	 Pb	 219.021770
136	 83	 219	 Bi	 219.017480
135	 84	 219	 Po	 219.013614
134	 85	 219	 At	 219.011160
133	 86	 219	 Rn	 219.009478
132	 87	 219	 Fr	 219.009251
131	 88	 219	 Ra	 219.010085
130	 89	 219	 Ac	 219.012420
129	 90	 219	 Th	 219.015535
128	 91	 219	 Pa	 219.019903
127	 92	 219	 U	 219.024999
126	 93	 219	 Np	 219.031623
138	 82	 220	 Pb	 220.025410
137	 83	 220	 Bi	 220.022350
136	 84	 220	 Po	 220.016386
135	 85	 220	 At	 220.015433
134	 86	 220	 Rn	 220.011392
133	 87	 220	 Fr	 220.012326
132	 88	 220	 Ra	 220.011025
131	 89	 220	 Ac	 220.014754
130	 90	 220	 Th	 220.015747
129	 91	 220	 Pa	 220.021705
128	 92	 220	 U	 220.024620
127	 93	 220	 Np	 220.032540
138	 83	 221	 Bi	 221.025870
137	 84	 221	 Po	 221.021228
136	 85	 221	 At	 221.018017
135	 86	 221	 Rn	 221.015535
134	 87	 221	 Fr	 221.014253
133	 88	 221	 Ra	 221.013917
132	 89	 221	 Ac	 221.015591
131	 90	 221	 Th	 221.018186
130	 91	 221	 Pa	 221.021874
129	 92	 221	 U	 221.026323
128	 93	 221	 Np	 221.032045
139	 83	 222	 Bi	 222.030842
138	 84	 222	 Po	 222.024140
137	 85	 222	 At	 222.022494
136	 86	 222	 Rn	 222.017576
135	 87	 222	 Fr	 222.017582
134	 88	 222	 Ra	 222.015373
133	 89	 222	 Ac	 222.017843
132	 90	 222	 Th	 222.018468
131	 91	 222	 Pa	 222.023784
130	 92	 222	 U	 222.026057
129	 93	 222	 Np	 222.033300
140	 83	 223	 Bi	 223.034500
139	 84	 223	 Po	 223.029070
138	 85	 223	 At	 223.025151
137	 86	 223	 Rn	 223.021889
136	 87	 223	 Fr	 223.019734
135	 88	 223	 Ra	 223.018500
134	 89	 223	 Ac	 223.019136
133	 90	 223	 Th	 223.020811
132	 91	 223	 Pa	 223.023962
131	 92	 223	 U	 223.027737
130	 93	 223	 Np	 223.032850
141	 83	 224	 Bi	 224.039539
140	 84	 224	 Po	 224.032110
139	 85	 224	 At	 224.029749
138	 86	 224	 Rn	 224.024095
137	 87	 224	 Fr	 224.023348
136	 88	 224	 Ra	 224.020210
135	 89	 224	 Ac	 224.021722
134	 90	 224	 Th	 224.021464
133	 91	 224	 Pa	 224.025617
132	 92	 224	 U	 224.027613
131	 93	 224	 Np	 224.034220
141	 84	 225	 Po	 225.037070
140	 85	 225	 At	 225.032630
139	 86	 225	 Rn	 225.028485
138	 87	 225	 Fr	 225.025572
137	 88	 225	 Ra	 225.023610
136	 89	 225	 Ac	 225.023228
135	 90	 225	 Th	 225.023950
134	 91	 225	 Pa	 225.026130
133	 92	 225	 U	 225.029393
132	 93	 225	 Np	 225.033910
142	 84	 226	 Po	 226.040310
141	 85	 226	 At	 226.037160
140	 86	 226	 Rn	 226.030861
139	 87	 226	 Fr	 226.029544
138	 88	 226	 Ra	 226.025408
137	 89	 226	 Ac	 226.026097
136	 90	 226	 Th	 226.024903
135	 91	 226	 Pa	 226.027947
134	 92	 226	 U	 226.029338
133	 93	 226	 Np	 226.035188
143	 84	 227	 Po	 227.045390
142	 85	 227	 At	 227.040240
141	 86	 227	 Rn	 227.035304
140	 87	 227	 Fr	 227.031865
139	 88	 227	 Ra	 227.029176
138	 89	 227	 Ac	 227.027750
137	 90	 227	 Th	 227.027702
136	 91	 227	 Pa	 227.028804
135	 92	 227	 U	 227.031181
134	 93	 227	 Np	 227.034956
133	 94	 227	 Pu	 227.039474
143	 85	 228	 At	 228.044750
142	 86	 228	 Rn	 228.037835
141	 87	 228	 Fr	 228.035839
140	 88	 228	 Ra	 228.031068
139	 89	 228	 Ac	 228.031019
138	 90	 228	 Th	 228.028739
137	 91	 228	 Pa	 228.031050
136	 92	 228	 U	 228.031371
135	 93	 228	 Np	 228.036066
134	 94	 228	 Pu	 228.038741
144	 85	 229	 At	 229.048120
143	 86	 229	 Rn	 229.042257
142	 87	 229	 Fr	 229.038291
141	 88	 229	 Ra	 229.034956
140	 89	 229	 Ac	 229.032947
139	 90	 229	 Th	 229.031761
138	 91	 229	 Pa	 229.032095
137	 92	 229	 U	 229.033505
136	 93	 229	 Np	 229.036263
135	 94	 229	 Pu	 229.040145
134	 95	 229	 Am	 229.045249
144	 86	 230	 Rn	 230.045140
143	 87	 230	 Fr	 230.042390
142	 88	 230	 Ra	 230.037054
141	 89	 230	 Ac	 230.036327
140	 90	 230	 Th	 230.033132
139	 91	 230	 Pa	 230.034539
138	 92	 230	 U	 230.033940
137	 93	 230	 Np	 230.037827
136	 94	 230	 Pu	 230.039650
135	 95	 230	 Am	 230.046089
145	 86	 231	 Rn	 231.049870
144	 87	 231	 Fr	 231.045175
143	 88	 231	 Ra	 231.041027
142	 89	 231	 Ac	 231.038393
141	 90	 231	 Th	 231.036302
140	 91	 231	 Pa	 231.035882
139	 92	 231	 U	 231.036292
138	 93	 231	 Np	 231.038244
137	 94	 231	 Pu	 231.041126
136	 95	 231	 Am	 231.045529
135	 96	 231	 Cm	 231.050746
145	 87	 232	 Fr	 232.049461
144	 88	 232	 Ra	 232.043475
143	 89	 232	 Ac	 232.042034
142	 90	 232	 Th	 232.038053
141	 91	 232	 Pa	 232.038590
140	 92	 232	 U	 232.037154
139	 93	 232	 Np	 232.040107
138	 94	 232	 Pu	 232.041184
137	 95	 232	 Am	 232.046527
136	 96	 232	 Cm	 232.049718
146	 87	 233	 Fr	 233.052517
145	 88	 233	 Ra	 233.047594
144	 89	 233	 Ac	 233.044346
143	 90	 233	 Th	 233.041580
142	 91	 233	 Pa	 233.040246
141	 92	 233	 U	 233.039634
140	 93	 233	 Np	 233.040739
139	 94	 233	 Pu	 233.042997
138	 95	 233	 Am	 233.046445
137	 96	 233	 Cm	 233.050772
136	 97	 233	 Bk	 233.056748
146	 88	 234	 Ra	 234.050382
145	 89	 234	 Ac	 234.048139
144	 90	 234	 Th	 234.043599
143	 91	 234	 Pa	 234.043305
142	 92	 234	 U	 234.040950
141	 93	 234	 Np	 234.042893
140	 94	 234	 Pu	 234.043317
139	 95	 234	 Am	 234.047731
138	 96	 234	 Cm	 234.050160
137	 97	 234	 Bk	 234.057387
147	 88	 235	 Ra	 235.054890
146	 89	 235	 Ac	 235.050840
145	 90	 235	 Th	 235.047255
144	 91	 235	 Pa	 235.045399
143	 92	 235	 U	 235.043928
142	 93	 235	 Np	 235.044061
141	 94	 235	 Pu	 235.045284
140	 95	 235	 Am	 235.047907
139	 96	 235	 Cm	 235.051567
138	 97	 235	 Bk	 235.056580
147	 89	 236	 Ac	 236.054988
146	 90	 236	 Th	 236.049657
145	 91	 236	 Pa	 236.048668
144	 92	 236	 U	 236.045566
143	 93	 236	 Np	 236.046568
142	 94	 236	 Pu	 236.046056
141	 95	 236	 Am	 236.049427
140	 96	 236	 Cm	 236.051374
139	 97	 236	 Bk	 236.057480
148	 89	 237	 Ac	 237.057993
147	 90	 237	 Th	 237.053629
146	 91	 237	 Pa	 237.051023
145	 92	 237	 U	 237.048728
144	 93	 237	 Np	 237.048171
143	 94	 237	 Pu	 237.048407
142	 95	 237	 Am	 237.049995
141	 96	 237	 Cm	 237.052868
140	 97	 237	 Bk	 237.057100
139	 98	 237	 Cf	 237.062199
148	 90	 238	 Th	 238.056388
147	 91	 238	 Pa	 238.054637
146	 92	 238	 U	 238.050786
145	 93	 238	 Np	 238.050944
144	 94	 238	 Pu	 238.049558
143	 95	 238	 Am	 238.051982
142	 96	 238	 Cm	 238.053081
141	 97	 238	 Bk	 238.058203
140	 98	 238	 Cf	 238.061490
149	 90	 239	 Th	 239.060602
148	 91	 239	 Pa	 239.057260
147	 92	 239	 U	 239.054292
146	 93	 239	 Np	 239.052937
145	 94	 239	 Pu	 239.052161
144	 95	 239	 Am	 239.053022
143	 96	 239	 Cm	 239.054908
142	 97	 239	 Bk	 239.058240
141	 98	 239	 Cf	 239.062554
140	 99	 239	 Es	 239.068230
149	 91	 240	 Pa	 240.061095
148	 92	 240	 U	 240.056592
147	 93	 240	 Np	 240.056163
146	 94	 240	 Pu	 240.053811
145	 95	 240	 Am	 240.055298
144	 96	 240	 Cm	 240.055528
143	 97	 240	 Bk	 240.059758
142	 98	 240	 Cf	 240.062255
141	 99	 240	 Es	 240.068920
150	 91	 241	 Pa	 241.064026
149	 92	 241	 U	 241.060330
148	 93	 241	 Np	 241.058250
147	 94	 241	 Pu	 241.056849
146	 95	 241	 Am	 241.056827
145	 96	 241	 Cm	 241.057651
144	 97	 241	 Bk	 241.060153
143	 98	 241	 Cf	 241.063690
142	 99	 241	 Es	 241.068560
141	 100	 241	 Fm	 241.074210
150	 92	 242	 U	 242.062931
149	 93	 242	 Np	 242.061639
148	 94	 242	 Pu	 242.058741
147	 95	 242	 Am	 242.059547
146	 96	 242	 Cm	 242.058834
145	 97	 242	 Bk	 242.061980
144	 98	 242	 Cf	 242.063754
143	 99	 242	 Es	 242.069567
142	 100	 242	 Fm	 242.073430
151	 92	 243	 U	 243.066946
150	 93	 243	 Np	 243.064279
149	 94	 243	 Pu	 243.062002
148	 95	 243	 Am	 243.061379
147	 96	 243	 Cm	 243.061387
146	 97	 243	 Bk	 243.063005
145	 98	 243	 Cf	 243.065475
144	 99	 243	 Es	 243.069509
143	 100	 243	 Fm	 243.074490
151	 93	 244	 Np	 244.067850
150	 94	 244	 Pu	 244.064204
149	 95	 244	 Am	 244.064282
148	 96	 244	 Cm	 244.062750
147	 97	 244	 Bk	 244.065179
146	 98	 244	 Cf	 244.065999
145	 99	 244	 Es	 244.070881
144	 100	 244	 Fm	 244.074038
152	 93	 245	 Np	 245.070736
151	 94	 245	 Pu	 245.067824
150	 95	 245	 Am	 245.066452
149	 96	 245	 Cm	 245.065491
148	 97	 245	 Bk	 245.066359
147	 98	 245	 Cf	 245.068046
146	 99	 245	 Es	 245.071247
145	 100	 245	 Fm	 245.075349
144	 101	 245	 Md	 245.080808
152	 94	 246	 Pu	 246.070204
151	 95	 246	 Am	 246.069774
150	 96	 246	 Cm	 246.067222
149	 97	 246	 Bk	 246.068671
148	 98	 246	 Cf	 246.068803
147	 99	 246	 Es	 246.072894
146	 100	 246	 Fm	 246.075350
145	 101	 246	 Md	 246.081713
153	 94	 247	 Pu	 247.074190
152	 95	 247	 Am	 247.072092
151	 96	 247	 Cm	 247.070352
150	 97	 247	 Bk	 247.070305
149	 98	 247	 Cf	 247.070965
148	 99	 247	 Es	 247.073621
147	 100	 247	 Fm	 247.076944
146	 101	 247	 Md	 247.081521
153	 95	 248	 Am	 248.075752
152	 96	 248	 Cm	 248.072349
151	 97	 248	 Bk	 248.073087
150	 98	 248	 Cf	 248.072182
149	 99	 248	 Es	 248.075469
148	 100	 248	 Fm	 248.077185
147	 101	 248	 Md	 248.082822
146	 102	 248	 No	 248.086550
154	 95	 249	 Am	 249.078480
153	 96	 249	 Cm	 249.075954
152	 97	 249	 Bk	 249.074983
151	 98	 249	 Cf	 249.074850
150	 99	 249	 Es	 249.076409
149	 100	 249	 Fm	 249.078926
148	 101	 249	 Md	 249.082912
147	 102	 249	 No	 249.087797
154	 96	 250	 Cm	 250.078357
153	 97	 250	 Bk	 250.078315
152	 98	 250	 Cf	 250.076404
151	 99	 250	 Es	 250.078611
150	 100	 250	 Fm	 250.079519
149	 101	 250	 Md	 250.084413
148	 102	 250	 No	 250.087562
155	 96	 251	 Cm	 251.082285
154	 97	 251	 Bk	 251.080760
153	 98	 251	 Cf	 251.079587
152	 99	 251	 Es	 251.079992
151	 100	 251	 Fm	 251.081539
150	 101	 251	 Md	 251.084774
149	 102	 251	 No	 251.088942
148	 103	 251	 Lr	 251.094180
156	 96	 252	 Cm	 252.084870
155	 97	 252	 Bk	 252.084310
154	 98	 252	 Cf	 252.081626
153	 99	 252	 Es	 252.082979
152	 100	 252	 Fm	 252.082464
151	 101	 252	 Md	 252.086432
150	 102	 252	 No	 252.088966
149	 103	 252	 Lr	 252.095263
156	 97	 253	 Bk	 253.086880
155	 98	 253	 Cf	 253.085133
154	 99	 253	 Es	 253.084821
153	 100	 253	 Fm	 253.085181
152	 101	 253	 Md	 253.087143
151	 102	 253	 No	 253.090562
150	 103	 253	 Lr	 253.095089
149	 104	 253	 Rf	 253.100438
157	 97	 254	 Bk	 254.090600
156	 98	 254	 Cf	 254.087323
155	 99	 254	 Es	 254.088020
154	 100	 254	 Fm	 254.086852
153	 101	 254	 Md	 254.089590
152	 102	 254	 No	 254.090954
151	 103	 254	 Lr	 254.096481
150	 104	 254	 Rf	 254.100053
157	 98	 255	 Cf	 255.091047
156	 99	 255	 Es	 255.090273
155	 100	 255	 Fm	 255.089962
154	 101	 255	 Md	 255.091082
153	 102	 255	 No	 255.093191
152	 103	 255	 Lr	 255.096562
151	 104	 255	 Rf	 255.101267
150	 105	 255	 Db	 255.106918
158	 98	 256	 Cf	 256.093442
157	 99	 256	 Es	 256.093599
156	 100	 256	 Fm	 256.091773
155	 101	 256	 Md	 256.093888
154	 102	 256	 No	 256.094280
153	 103	 256	 Lr	 256.098494
152	 104	 256	 Rf	 256.101151
151	 105	 256	 Db	 256.107889
158	 99	 257	 Es	 257.095979
157	 100	 257	 Fm	 257.095105
156	 101	 257	 Md	 257.095537
155	 102	 257	 No	 257.096884
154	 103	 257	 Lr	 257.099480
153	 104	 257	 Rf	 257.102916
152	 105	 257	 Db	 257.107576
159	 99	 258	 Es	 258.099520
158	 100	 258	 Fm	 258.097077
157	 101	 258	 Md	 258.098429
156	 102	 258	 No	 258.098205
155	 103	 258	 Lr	 258.101753
154	 104	 258	 Rf	 258.103426
153	 105	 258	 Db	 258.109284
152	 106	 258	 Sg	 258.112984
159	 100	 259	 Fm	 259.100596
158	 101	 259	 Md	 259.100510
157	 102	 259	 No	 259.100997
156	 103	 259	 Lr	 259.102901
155	 104	 259	 Rf	 259.105596
154	 105	 259	 Db	 259.109491
153	 106	 259	 Sg	 259.114353
160	 100	 260	 Fm	 260.102809
159	 101	 260	 Md	 260.103653
158	 102	 260	 No	 260.102643
157	 103	 260	 Lr	 260.105504
156	 104	 260	 Rf	 260.106439
155	 105	 260	 Db	 260.111297
154	 106	 260	 Sg	 260.114383
153	 107	 260	 Bh	 260.121658
160	 101	 261	 Md	 261.105828
159	 102	 261	 No	 261.105696
158	 103	 261	 Lr	 261.106880
157	 104	 261	 Rf	 261.108769
156	 105	 261	 Db	 261.111980
155	 106	 261	 Sg	 261.115948
154	 107	 261	 Bh	 261.121454
161	 101	 262	 Md	 262.109101
160	 102	 262	 No	 262.107463
159	 103	 262	 Lr	 262.109611
158	 104	 262	 Rf	 262.109923
157	 105	 262	 Db	 262.114068
156	 106	 262	 Sg	 262.116335
155	 107	 262	 Bh	 262.122965
161	 102	 263	 No	 263.110714
160	 103	 263	 Lr	 263.111358
159	 104	 263	 Rf	 263.112460
158	 105	 263	 Db	 263.114988
157	 106	 263	 Sg	 263.118294
156	 107	 263	 Bh	 263.122916
155	 108	 263	 Hs	 263.128480
162	 102	 264	 No	 264.112734
161	 103	 264	 Lr	 264.114200
160	 104	 264	 Rf	 264.113878
159	 105	 264	 Db	 264.117405
158	 106	 264	 Sg	 264.118929
157	 107	 264	 Bh	 264.124593
156	 108	 264	 Hs	 264.128356
162	 103	 265	 Lr	 265.116193
161	 104	 265	 Rf	 265.116683
160	 105	 265	 Db	 265.118608
159	 106	 265	 Sg	 265.121090
158	 107	 265	 Bh	 265.124977
157	 108	 265	 Hs	 265.129791
156	 109	 265	 Mt	 265.135995
163	 103	 266	 Lr	 266.119831
162	 104	 266	 Rf	 266.118172
161	 105	 266	 Db	 266.121028
160	 106	 266	 Sg	 266.121973
159	 107	 266	 Bh	 266.126790
158	 108	 266	 Hs	 266.130045
157	 109	 266	 Mt	 266.137373
163	 104	 267	 Rf	 267.121787
162	 105	 267	 Db	 267.122464
161	 106	 267	 Sg	 267.124322
160	 107	 267	 Bh	 267.127500
159	 108	 267	 Hs	 267.131673
158	 109	 267	 Mt	 267.137189
157	 110	 267	 Ds	 267.143726
164	 104	 268	 Rf	 268.123968
163	 105	 268	 Db	 268.125671
162	 106	 268	 Sg	 268.125392
161	 107	 268	 Bh	 268.129691
160	 108	 268	 Hs	 268.131863
159	 109	 268	 Mt	 268.138649
158	 110	 268	 Ds	 268.143477
164	 105	 269	 Db	 269.127911
163	 106	 269	 Sg	 269.128570
162	 107	 269	 Bh	 269.130412
161	 108	 269	 Hs	 269.133725
160	 109	 269	 Mt	 269.138884
159	 110	 269	 Ds	 269.144751
165	 105	 270	 Db	 270.131302
164	 106	 270	 Sg	 270.130426
163	 107	 270	 Bh	 270.133362
162	 108	 270	 Hs	 270.134314
161	 109	 270	 Mt	 270.140323
160	 110	 270	 Ds	 270.144583
165	 106	 271	 Sg	 271.133932
164	 107	 271	 Bh	 271.135182
163	 108	 271	 Hs	 271.137135
162	 109	 271	 Mt	 271.140742
161	 110	 271	 Ds	 271.145946
166	 106	 272	 Sg	 272.135890
165	 107	 272	 Bh	 272.138261
164	 108	 272	 Hs	 272.138494
163	 109	 272	 Mt	 272.143406
162	 110	 272	 Ds	 272.146018
161	 111	 272	 Rg	 272.153273
167	 106	 273	 Sg	 273.139580
166	 107	 273	 Bh	 273.140240
165	 108	 273	 Hs	 273.141590
164	 109	 273	 Mt	 273.144620
163	 110	 273	 Ds	 273.148531
162	 111	 273	 Rg	 273.153189
167	 107	 274	 Bh	 274.143513
166	 108	 274	 Hs	 274.143303
165	 109	 274	 Mt	 274.147339
164	 110	 274	 Ds	 274.149434
163	 111	 274	 Rg	 274.155249
168	 107	 275	 Bh	 275.145670
167	 108	 275	 Hs	 275.146667
166	 109	 275	 Mt	 275.149039
165	 110	 275	 Ds	 275.151976
164	 111	 275	 Rg	 275.155981
168	 108	 276	 Hs	 276.148455
167	 109	 276	 Mt	 276.151708
166	 110	 276	 Ds	 276.153024
165	 111	 276	 Rg	 276.158333
164	 112	 276	 Cn	 276.161410
169	 108	 277	 Hs	 277.151899
168	 109	 277	 Mt	 277.153483
167	 110	 277	 Ds	 277.155815
166	 111	 277	 Rg	 277.159247
165	 112	 277	 Cn	 277.163611
169	 109	 278	 Mt	 278.156454
168	 110	 278	 Ds	 278.157146
167	 111	 278	 Rg	 278.161587
166	 112	 278	 Cn	 278.164179
165	 113	 278	 Ed	 278.170574
170	 109	 279	 Mt	 279.158343
169	 110	 279	 Ds	 279.160093
168	 111	 279	 Rg	 279.162937
167	 112	 279	 Cn	 279.166432
166	 113	 279	 Ed	 279.170950
170	 110	 280	 Ds	 280.161590
169	 111	 280	 Rg	 280.165203
168	 112	 280	 Cn	 280.167147
167	 113	 280	 Ed	 280.172991
171	 110	 281	 Ds	 281.164715
170	 111	 281	 Rg	 281.166718
169	 112	 281	 Cn	 281.169641
168	 113	 281	 Ed	 281.173710
171	 111	 282	 Rg	 282.169405
170	 112	 282	 Cn	 282.170668
169	 113	 282	 Ed	 282.175766
172	 111	 283	 Rg	 283.170995
171	 112	 283	 Cn	 283.173362
170	 113	 283	 Ed	 283.176820
172	 112	 284	 Cn	 284.174499
171	 113	 284	 Ed	 284.178843
170	 114	 284	 Fl	 284.181344
173	 112	 285	 Cn	 285.177321
172	 113	 285	 Ed	 285.180066
171	 114	 285	 Fl	 285.183579
173	 113	 286	 Ed	 286.182518
172	 114	 286	 Fl	 286.184406
174	 113	 287	 Ed	 287.183840
173	 114	 287	 Fl	 287.186875
172	 115	 287	 Ef	 287.190978
174	 114	 288	 Fl	 288.187916
173	 115	 288	 Ef	 288.192992
175	 114	 289	 Fl	 289.190623
174	 115	 289	 Ef	 289.193953
173	 116	 289	 Lv	 289.198099
175	 115	 290	 Ef	 290.196345
174	 116	 290	 Lv	 290.198818
176	 115	 291	 Ef	 291.197522
175	 116	 291	 Lv	 291.201169
174	 117	 291	 Eh	 291.205906
176	 116	 292	 Lv	 292.202086
175	 117	 292	 Eh	 292.207812
177	 116	 293	 Lv	 293.204691
176	 117	 293	 Eh	 293.208680
175	 118	 293	 Ei	 293.213498
177	 117	 294	 Eh	 294.210974
176	 118	 294	 Ei	 294.214132
177	 118	 295	 Ei	 295.216332

